,IP,Traceroute,TTL,Latency,Delay
0,76.8.213.231,"[[97, 75, 190], [97, 75, 188], [66, 219, 235]]",-1.0,-1.0,"[25.107, 25.978, 26.219, 30.739, 26.495]"
1,76.8.213.231,"[[97, 75, 190], [97, 75, 188], [66, 219, 235]]",-1.0,-1.0,"[25.371, 26.14, 26.344, 26.815, 26.654]"
2,76.8.213.231,"[[97, 75, 190], [97, 75, 188], [66, 219, 235]]",-1.0,-1.0,"[25.115, 25.831, 27.549, 26.74, 26.703]"
3,76.8.213.231,"[[97, 75, 190], [97, 75, 188], [66, 219, 235]]",-1.0,-1.0,"[27.442, 26.227, 26.483, 26.682, 26.6]"
4,76.8.213.231,"[[97, 75, 190], [97, 75, 188], [66, 219, 235]]",-1.0,-1.0,"[25.313, 25.96, 26.298, 27.704, 26.634]"
5,76.8.213.231,"[[97, 75, 190], [97, 75, 188], [66, 219, 235]]",-1.0,-1.0,"[24.938, 25.825, 26.316, 26.653, 26.569]"
6,76.8.213.231,"[[97, 75, 190], [97, 75, 188], [66, 219, 235]]",-1.0,-1.0,"[25.126, 25.911, 41.164, 26.852, 26.807]"
7,76.8.213.231,"[[97, 75, 190], [97, 75, 188], [66, 219, 235]]",-1.0,-1.0,"[25.14, 28.89, 26.332, 26.69, 26.551]"
8,76.8.213.231,"[[97, 75, 190], [97, 75, 188], [66, 219, 235]]",-1.0,-1.0,"[25.052, 25.877, 26.314, 26.85, 26.725]"
9,76.8.213.231,"[[97, 75, 190], [97, 75, 188], [66, 219, 235]]",-1.0,-1.0,"[25.051, 25.841, 26.404, 26.75, 26.629]"
10,76.8.213.231,"[[97, 75, 190], [97, 75, 188], [66, 219, 235]]",-1.0,-1.0,"[25.141, 26.006, 26.285, 28.113, 26.666]"
11,76.8.213.231,"[[97, 75, 190], [97, 75, 188], [66, 219, 235]]",-1.0,-1.0,"[25.806, 26.052, 26.551, 26.509, 26.637]"
12,76.8.213.231,"[[97, 75, 190], [97, 75, 188], [66, 219, 235]]",-1.0,-1.0,"[25.233, 25.989, 26.434, 26.453, 26.573]"
13,76.8.213.231,"[[97, 75, 190], [97, 75, 188], [66, 219, 235]]",-1.0,-1.0,"[25.024, 25.937, 26.542, 32.318, 26.509]"
14,76.8.213.231,"[[97, 75, 190], [97, 75, 188], [66, 219, 235]]",-1.0,-1.0,"[25.309, 25.864, 26.426, 26.668, 26.557]"
15,76.8.213.231,"[[97, 75, 190], [97, 75, 188], [66, 219, 235]]",-1.0,-1.0,"[25.239, 25.932, 26.52, 26.784, 26.542]"
16,76.8.213.231,"[[97, 75, 190], [97, 75, 188], [66, 219, 235]]",-1.0,-1.0,"[25.069, 25.915, 26.298, 26.704, 26.571]"
17,76.8.213.231,"[[97, 75, 190], [97, 75, 188], [66, 219, 235]]",-1.0,-1.0,"[25.345, 26.21, 27.829, 28.836, 28.73]"
18,76.8.213.231,"[[97, 75, 190], [97, 75, 188], [66, 219, 235]]",-1.0,-1.0,"[25.021, 25.8, 28.083, 26.747, 26.596]"
19,76.8.213.231,"[[97, 75, 190], [97, 75, 188], [66, 219, 235]]",-1.0,-1.0,"[24.979, 25.855, 26.316, 26.791, 26.633]"
20,76.8.213.231,"[[97, 75, 190], [97, 75, 188], [66, 219, 235]]",-1.0,-1.0,"[25.041, 25.861, 26.255, 26.521, 26.591]"
21,76.8.213.231,"[[97, 75, 190], [97, 75, 188], [66, 219, 235]]",-1.0,-1.0,"[33.25, 26.149, 26.529, 26.78, 26.648]"
22,76.8.213.231,"[[97, 75, 190], [97, 75, 188], [66, 219, 235]]",-1.0,-1.0,"[25.115, 25.856, 26.388, 26.618, 26.51]"
23,76.8.213.231,"[[97, 75, 190], [97, 75, 188], [66, 219, 235]]",-1.0,-1.0,"[25.512, 25.84, 26.27, 26.867, 26.725]"
24,76.8.213.231,"[[97, 75, 190], [97, 75, 188], [66, 219, 235]]",-1.0,-1.0,"[25.107, 26.895, 26.242, 26.584, 26.524]"
25,76.8.213.231,"[[97, 75, 190], [97, 75, 188], [66, 219, 235]]",-1.0,-1.0,"[25.039, 25.915, 26.51, 26.551, 27.071]"
26,76.8.213.231,"[[97, 75, 190], [97, 75, 188], [66, 219, 235]]",-1.0,-1.0,"[25.247, 25.896, 26.322, 26.5, 26.602]"
27,76.8.213.231,"[[97, 75, 190], [97, 75, 188], [66, 219, 235]]",-1.0,-1.0,"[25.098, 25.897, 26.388, 26.523, 26.704]"
28,76.8.213.231,"[[97, 75, 190], [97, 75, 188], [66, 219, 235]]",-1.0,-1.0,"[25.21, 25.928, 26.358, 26.554, 26.653]"
29,76.8.213.231,"[[97, 75, 190], [97, 75, 188], [66, 219, 235]]",-1.0,-1.0,"[25.262, 26.035, 26.333, 26.466, 26.588]"
30,76.8.213.231,"[[97, 75, 190], [97, 75, 188], [66, 219, 235]]",-1.0,-1.0,"[25.217, 26.324, 26.32, 26.5, 26.587]"
31,76.8.213.231,"[[97, 75, 190], [97, 75, 188], [66, 219, 235]]",-1.0,-1.0,"[25.17, 25.824, 26.486, 26.657, 26.587]"
32,76.8.213.231,"[[97, 75, 190], [97, 75, 188], [66, 219, 235]]",-1.0,-1.0,"[25.321, 25.803, 26.308, 26.528, 26.562]"
33,76.8.213.231,"[[97, 75, 190], [97, 75, 188], [66, 219, 235]]",-1.0,-1.0,"[25.144, 66.097, 26.501, 26.511, 26.603]"
34,76.8.213.231,"[[97, 75, 190], [97, 75, 188], [66, 219, 235]]",-1.0,-1.0,"[25.012, 25.921, 26.364, 26.569, 26.742]"
35,76.8.213.231,"[[97, 75, 190], [97, 75, 188], [66, 219, 235]]",-1.0,-1.0,"[25.199, 25.888, 28.976, 26.494, 26.6]"
36,76.8.213.231,"[[97, 75, 190], [97, 75, 188], [66, 219, 235]]",-1.0,-1.0,"[25.281, 25.968, 26.626, 26.575, 26.635]"
37,76.8.213.231,"[[97, 75, 190], [97, 75, 188], [66, 219, 235]]",-1.0,-1.0,"[25.05, 25.964, 26.324, 26.656, 26.536]"
38,76.8.213.231,"[[97, 75, 190], [97, 75, 188], [66, 219, 235]]",-1.0,-1.0,"[25.391, 25.811, 26.474, 26.767, 26.621]"
39,76.8.213.231,"[[97, 75, 190], [97, 75, 188], [66, 219, 235]]",-1.0,-1.0,"[25.43, 25.822, 26.262, 26.666, 26.556]"
40,76.8.213.231,"[[97, 75, 190], [97, 75, 188], [66, 219, 235]]",-1.0,-1.0,"[25.129, 26.094, 26.345, 26.495, 26.642]"
41,76.8.213.231,"[[97, 75, 190], [97, 75, 188], [66, 219, 235]]",-1.0,-1.0,"[25.116, 26.232, 26.262, 26.458, 26.572]"
42,76.8.213.231,"[[97, 75, 190], [97, 75, 188], [66, 219, 235]]",-1.0,-1.0,"[25.094, 26.202, 26.461, 26.662, 26.546]"
43,76.8.213.231,"[[97, 75, 190], [97, 75, 188], [66, 219, 235]]",-1.0,-1.0,"[25.126, 25.971, 28.549, 26.74, 28.311]"
44,76.8.213.231,"[[97, 75, 190], [97, 75, 188], [66, 219, 235]]",-1.0,-1.0,"[25.196, 29.189, 26.591, 27.01, 26.611]"
45,76.8.213.231,"[[97, 75, 190], [97, 75, 188], [66, 219, 235]]",-1.0,-1.0,"[25.031, 25.794, 26.505, 26.681, 26.604]"
46,76.8.213.231,"[[97, 75, 190], [97, 75, 188], [66, 219, 235]]",-1.0,-1.0,"[25.065, 37.214, 26.34, 26.439, 26.596]"
47,76.8.213.231,"[[97, 75, 190], [97, 75, 188], [66, 219, 235]]",-1.0,-1.0,"[25.089, 25.86, 26.277, 26.704, 26.61]"
48,76.8.213.231,"[[97, 75, 190], [97, 75, 188], [66, 219, 235]]",-1.0,-1.0,"[33.912, 30.886, 26.507, 26.594, 26.657]"
49,76.8.213.231,"[[97, 75, 190], [97, 75, 188], [66, 219, 235]]",-1.0,-1.0,"[25.271, 26.013, 26.366, 26.8, 26.579]"
50,76.8.213.231,"[[97, 75, 190], [97, 75, 188], [66, 219, 235]]",-1.0,-1.0,"[42.534, 26.351, 28.181, 36.097, 26.557]"
51,76.8.213.231,"[[97, 75, 190], [97, 75, 188], [66, 219, 235]]",-1.0,-1.0,"[27.604, 27.596, 27.59, 27.583, 27.58]"
52,76.8.213.231,"[[97, 75, 190], [97, 75, 188], [66, 219, 235]]",-1.0,-1.0,"[25.227, 25.891, 26.301, 29.183, 26.572]"
53,76.8.213.231,"[[97, 75, 190], [97, 75, 188], [66, 219, 235]]",-1.0,-1.0,"[25.671, 26.299, 26.73, 27.039, 26.939]"
54,76.8.213.231,"[[97, 75, 190], [97, 75, 188], [66, 219, 235]]",-1.0,-1.0,"[25.157, 26.08, 26.478, 26.92, 26.591]"
55,76.8.213.231,"[[97, 75, 190], [97, 75, 188], [66, 219, 235]]",-1.0,-1.0,"[25.255, 25.827, 26.42, 26.665, 26.531]"
56,76.8.213.231,"[[97, 75, 190], [97, 75, 188], [66, 219, 235]]",-1.0,-1.0,"[25.176, 26.524, 26.472, 26.791, 26.695]"
57,76.8.213.231,"[[97, 75, 190], [97, 75, 188], [66, 219, 235]]",-1.0,-1.0,"[25.108, 25.888, 26.361, 28.625, 26.569]"
58,76.8.213.231,"[[97, 75, 190], [97, 75, 188], [66, 219, 235]]",-1.0,-1.0,"[25.319, 25.901, 26.559, 26.53, 26.585]"
59,76.8.213.231,"[[97, 75, 190], [97, 75, 188], [66, 219, 235]]",-1.0,-1.0,"[25.239, 27.195, 26.409, 26.466, 26.558]"
60,76.8.213.231,"[[97, 75, 190], [97, 75, 188], [66, 219, 235]]",-1.0,-1.0,"[25.109, 26.169, 26.359, 26.655, 26.594]"
61,76.8.213.231,"[[97, 75, 190], [97, 75, 188], [66, 219, 235]]",-1.0,-1.0,"[25.156, 26.532, 34.263, 26.75, 26.727]"
62,76.8.213.231,"[[97, 75, 190], [97, 75, 188], [66, 219, 235]]",-1.0,-1.0,"[25.346, 25.982, 26.331, 26.772, 26.617]"
63,76.8.213.231,"[[97, 75, 190], [97, 75, 188], [66, 219, 235]]",-1.0,-1.0,"[25.305, 25.896, 26.353, 26.77, 26.676]"
64,76.8.213.231,"[[97, 75, 190], [97, 75, 188], [66, 219, 235]]",-1.0,-1.0,"[25.019, 25.793, 26.424, 26.403, 26.505]"
65,76.8.213.231,"[[97, 75, 190], [97, 75, 188], [66, 219, 235]]",-1.0,-1.0,"[25.243, 25.99, 26.266, 26.642, 26.522]"
66,76.8.213.231,"[[97, 75, 190], [97, 75, 188], [66, 219, 235]]",-1.0,-1.0,"[25.105, 26.042, 26.335, 26.573, 26.655]"
67,76.8.213.231,"[[97, 75, 190], [97, 75, 188], [66, 219, 235]]",-1.0,-1.0,"[25.182, 26.738, 26.387, 27.167, 26.555]"
68,76.8.213.231,"[[97, 75, 190], [97, 75, 188], [66, 219, 235]]",-1.0,-1.0,"[25.334, 25.864, 26.454, 26.698, 26.554]"
69,76.8.213.231,"[[97, 75, 190], [97, 75, 188], [66, 219, 235]]",-1.0,-1.0,"[25.139, 25.924, 26.686, 26.683, 26.587]"
70,76.8.213.231,"[[97, 75, 190], [97, 75, 188], [66, 219, 235]]",-1.0,-1.0,"[25.106, 25.927, 26.496, 26.871, 26.789]"
71,76.8.213.231,"[[97, 75, 190], [97, 75, 188], [66, 219, 235]]",-1.0,-1.0,"[27.578, 27.526, 27.656, 34.095, 34.093]"
72,76.8.213.231,"[[97, 75, 190], [97, 75, 188], [66, 219, 235]]",-1.0,-1.0,"[26.32, 26.313, 26.424, 27.069, 27.063]"
73,76.8.213.231,"[[97, 75, 190], [97, 75, 188], [66, 219, 235]]",-1.0,-1.0,"[25.232, 25.84, 26.274, 26.488, 26.651]"
74,76.8.213.231,"[[97, 75, 190], [97, 75, 188], [66, 219, 235]]",-1.0,-1.0,"[25.054, 25.901, 26.59, 26.811, 26.586]"
75,76.8.213.231,"[[97, 75, 190], [97, 75, 188], [66, 219, 235]]",-1.0,-1.0,"[25.09, 26.949, 26.438, 26.595, 26.526]"
76,76.8.213.231,"[[97, 75, 190], [97, 75, 188], [66, 219, 235]]",-1.0,-1.0,"[25.14, 25.988, 26.276, 26.734, 26.537]"
77,76.8.213.231,"[[97, 75, 190], [97, 75, 188], [66, 219, 235]]",-1.0,-1.0,"[25.122, 25.933, 26.504, 26.701, 26.509]"
78,76.8.213.231,"[[97, 75, 190], [97, 75, 188], [66, 219, 235]]",-1.0,-1.0,"[25.456, 26.859, 26.374, 26.766, 26.548]"
79,76.8.213.231,"[[97, 75, 190], [97, 75, 188], [66, 219, 235]]",-1.0,-1.0,"[25.067, 25.807, 26.464, 26.705, 26.534]"
80,76.8.213.231,"[[97, 75, 190], [97, 75, 188], [66, 219, 235]]",-1.0,-1.0,"[25.029, 26.125, 26.371, 26.435, 26.539]"
81,76.8.213.231,"[[97, 75, 190], [97, 75, 188], [66, 219, 235]]",-1.0,-1.0,"[24.976, 25.864, 26.165, 26.443, 26.548]"
82,76.8.213.231,"[[97, 75, 190], [97, 75, 188], [66, 219, 235]]",-1.0,-1.0,"[25.197, 25.961, 26.36, 26.645, 26.555]"
83,76.8.213.231,"[[97, 75, 190], [97, 75, 188], [66, 219, 235]]",-1.0,-1.0,"[25.039, 26.051, 26.335, 26.446, 26.539]"
84,76.8.213.231,"[[97, 75, 190], [97, 75, 188], [66, 219, 235]]",-1.0,-1.0,"[25.058, 25.902, 26.278, 26.72, 26.623]"
85,76.8.213.231,"[[97, 75, 190], [97, 75, 188], [66, 219, 235]]",-1.0,-1.0,"[25.082, 26.64, 26.48, 26.721, 26.528]"
86,76.8.213.231,"[[97, 75, 190], [97, 75, 188], [66, 219, 235]]",-1.0,-1.0,"[25.453, 26.214, 26.572, 26.774, 26.706]"
87,76.8.213.231,"[[97, 75, 190], [97, 75, 188], [66, 219, 235]]",-1.0,-1.0,"[25.097, 25.95, 26.487, 26.701, 26.568]"
88,76.8.213.231,"[[97, 75, 190], [97, 75, 188], [66, 219, 235]]",-1.0,-1.0,"[25.124, 25.88, 26.272, 26.77, 26.64]"
89,76.8.213.231,"[[97, 75, 190], [97, 75, 188], [66, 219, 235]]",-1.0,-1.0,"[25.135, 26.097, 26.574, 26.758, 26.591]"
90,76.8.213.231,"[[97, 75, 190], [97, 75, 188], [66, 219, 235]]",-1.0,-1.0,"[26.063, 26.135, 28.45, 26.771, 26.702]"
91,76.8.213.231,"[[97, 75, 190], [97, 75, 188], [66, 219, 235]]",-1.0,-1.0,"[26.142, 26.086, 26.307, 26.737, 26.558]"
92,76.8.213.231,"[[97, 75, 190], [97, 75, 188], [66, 219, 235]]",-1.0,-1.0,"[25.25, 25.913, 27.348, 26.609, 26.509]"
93,76.8.213.231,"[[97, 75, 190], [97, 75, 188], [66, 219, 235]]",-1.0,-1.0,"[25.112, 25.835, 26.406, 26.531, 26.693]"
94,76.8.213.231,"[[97, 75, 190], [97, 75, 188], [66, 219, 235]]",-1.0,-1.0,"[25.057, 25.937, 26.296, 26.712, 26.531]"
95,76.8.213.231,"[[97, 75, 190], [97, 75, 188], [66, 219, 235]]",-1.0,-1.0,"[25.37, 30.806, 26.292, 26.751, 26.521]"
96,76.8.213.231,"[[97, 75, 190], [97, 75, 188], [66, 219, 235]]",-1.0,-1.0,"[25.096, 25.917, 26.279, 28.232, 26.695]"
97,76.8.213.231,"[[97, 75, 190], [97, 75, 188], [66, 219, 235]]",-1.0,-1.0,"[25.216, 25.813, 26.415, 26.643, 26.561]"
98,76.8.213.231,"[[97, 75, 190], [97, 75, 188], [66, 219, 235]]",-1.0,-1.0,"[25.126, 25.931, 27.598, 26.518, 26.65]"
99,76.8.213.231,"[[97, 75, 190], [97, 75, 188], [66, 219, 235]]",-1.0,-1.0,"[25.391, 26.035, 26.222, 28.434, 26.609]"
100,76.8.213.231,"[[97, 75, 190], [97, 75, 188], [66, 219, 235]]",-1.0,-1.0,"[25.482, 25.822, 26.145, 26.619, 26.569]"
101,76.8.213.231,"[[97, 75, 190], [97, 75, 188], [66, 219, 235]]",-1.0,-1.0,"[25.33, 25.953, 26.337, 26.702, 26.614]"
102,76.8.213.231,"[[97, 75, 190], [97, 75, 188], [66, 219, 235]]",-1.0,-1.0,"[25.744, 25.944, 26.537, 39.731, 26.531]"
103,76.8.213.231,"[[97, 75, 190], [97, 75, 188], [66, 219, 235]]",-1.0,-1.0,"[25.146, 26.238, 26.263, 26.456, 26.608]"
104,76.8.213.231,"[[97, 75, 190], [97, 75, 188], [66, 219, 235]]",-1.0,-1.0,"[45.343, 26.033, 26.331, 26.567, 26.693]"
105,76.8.213.231,"[[97, 75, 190], [97, 75, 188], [66, 219, 235]]",-1.0,-1.0,"[45.31, 26.082, 27.041, 26.534, 26.619]"
106,76.8.213.231,"[[97, 75, 190], [97, 75, 188], [66, 219, 235]]",-1.0,-1.0,"[25.311, 26.419, 26.606, 26.603, 26.678]"
107,76.8.213.231,"[[97, 75, 190], [97, 75, 188], [66, 219, 235]]",-1.0,-1.0,"[25.092, 25.849, 26.218, 26.575, 26.665]"
108,76.8.213.231,"[[97, 75, 190], [97, 75, 188], [66, 219, 235]]",-1.0,-1.0,"[25.393, 26.068, 26.52, 26.517, 26.597]"
109,76.8.213.231,"[[97, 75, 190], [97, 75, 188], [66, 219, 235]]",-1.0,-1.0,"[25.359, 27.057, 26.341, 26.718, 26.548]"
110,76.8.213.231,"[[97, 75, 190], [97, 75, 188], [66, 219, 235]]",-1.0,-1.0,"[25.18, 26.041, 26.345, 26.708, 26.525]"
111,76.8.213.231,"[[97, 75, 190], [97, 75, 188], [66, 219, 235]]",-1.0,-1.0,"[27.727, 26.182, 26.516, 26.675, 26.629]"
112,76.8.213.231,"[[97, 75, 190], [97, 75, 188], [66, 219, 235]]",-1.0,-1.0,"[25.2, 25.868, 26.362, 26.73, 26.555]"
113,76.8.213.231,"[[97, 75, 190], [97, 75, 188], [66, 219, 235]]",-1.0,-1.0,"[24.948, 26.002, 29.187, 26.653, 26.56]"
114,76.8.213.231,"[[97, 75, 190], [97, 75, 188], [66, 219, 235]]",-1.0,-1.0,"[25.045, 26.023, 36.811, 28.991, 26.535]"
115,76.8.213.231,"[[97, 75, 190], [97, 75, 188], [66, 219, 235]]",-1.0,-1.0,"[25.133, 25.957, 26.258, 26.785, 26.618]"
116,76.8.213.231,"[[97, 75, 190], [97, 75, 188], [66, 219, 235]]",-1.0,-1.0,"[25.083, 25.902, 26.246, 26.785, 26.627]"
117,76.8.213.231,"[[97, 75, 190], [97, 75, 188], [66, 219, 235]]",-1.0,-1.0,"[25.092, 31.966, 26.498, 26.741, 26.544]"
118,76.8.213.231,"[[97, 75, 190], [97, 75, 188], [66, 219, 235]]",-1.0,-1.0,"[25.319, 25.836, 26.21, 26.624, 26.545]"
119,76.8.213.231,"[[97, 75, 190], [97, 75, 188], [66, 219, 235]]",-1.0,-1.0,"[25.122, 25.865, 26.325, 26.741, 26.525]"
120,76.8.213.231,"[[97, 75, 190], [97, 75, 188], [66, 219, 235]]",-1.0,-1.0,"[26.957, 26.126, 26.521, 26.42, 26.622]"
121,76.8.213.231,"[[97, 75, 190], [97, 75, 188], [66, 219, 235]]",-1.0,-1.0,"[25.019, 29.005, 26.267, 26.435, 26.548]"
122,76.8.213.231,"[[97, 75, 190], [97, 75, 188], [66, 219, 235]]",-1.0,-1.0,"[24.998, 25.837, 26.282, 26.485, 26.595]"
123,76.8.213.231,"[[97, 75, 190], [97, 75, 188], [66, 219, 235]]",-1.0,-1.0,"[25.275, 27.399, 26.505, 26.488, 26.65]"
124,76.8.213.231,"[[97, 75, 190], [97, 75, 188], [66, 219, 235]]",-1.0,-1.0,"[25.298, 25.883, 26.251, 26.587, 26.824]"
125,76.8.213.231,"[[97, 75, 190], [97, 75, 188], [66, 219, 235]]",-1.0,-1.0,"[25.143, 28.228, 26.377, 26.74, 26.736]"
126,76.8.213.231,"[[97, 75, 190], [97, 75, 188], [66, 219, 235]]",-1.0,-1.0,"[24.996, 26.071, 26.45, 26.617, 26.613]"
127,76.8.213.231,"[[97, 75, 190], [97, 75, 188], [66, 219, 235]]",-1.0,-1.0,"[25.317, 27.025, 26.545, 26.986, 26.562]"
128,76.8.213.231,"[[97, 75, 190], [97, 75, 188], [66, 219, 235]]",-1.0,-1.0,"[25.159, 25.759, 26.641, 26.638, 26.776]"
129,76.8.213.231,"[[97, 75, 190], [97, 75, 188], [66, 219, 235]]",-1.0,-1.0,"[27.63, 26.255, 43.478, 26.522, 26.607]"
130,76.8.213.231,"[[97, 75, 190], [97, 75, 188], [66, 219, 235]]",-1.0,-1.0,"[29.383, 29.376, 29.372, 29.362, 29.358]"
131,76.8.213.231,"[[97, 75, 190], [97, 75, 188], [66, 219, 235]]",-1.0,-1.0,"[25.185, 26.121, 26.614, 30.95, 26.671]"
132,76.8.213.231,"[[97, 75, 190], [97, 75, 188], [66, 219, 235]]",-1.0,-1.0,"[26.35, 26.203, 33.669, 27.055, 26.501]"
133,76.8.213.231,"[[97, 75, 190], [97, 75, 188], [66, 219, 235]]",-1.0,-1.0,"[25.048, 26.057, 26.406, 26.523, 26.585]"
134,76.8.213.231,"[[97, 75, 190], [97, 75, 188], [66, 219, 235]]",-1.0,-1.0,"[25.02, 25.906, 26.375, 26.44, 26.548]"
135,76.8.213.231,"[[97, 75, 190], [97, 75, 188], [66, 219, 235]]",-1.0,-1.0,"[25.009, 25.923, 26.26, 26.762, 26.672]"
136,76.8.213.231,"[[97, 75, 190], [97, 75, 188], [66, 219, 235]]",-1.0,-1.0,"[25.329, 26.148, 26.361, 34.476, 26.576]"
137,76.8.213.231,"[[97, 75, 190], [97, 75, 188], [66, 219, 235]]",-1.0,-1.0,"[25.228, 25.835, 26.37, 26.849, 26.498]"
138,76.8.213.231,"[[97, 75, 190], [97, 75, 188], [66, 219, 235]]",-1.0,-1.0,"[30.018, 30.011, 30.002, 30.022, 29.992]"
139,76.8.213.231,"[[97, 75, 190], [97, 75, 188], [66, 219, 235]]",-1.0,-1.0,"[25.233, 26.154, 26.436, 27.047, 26.64]"
140,76.8.213.231,"[[97, 75, 190], [97, 75, 188], [66, 219, 235]]",-1.0,-1.0,"[25.228, 25.863, 26.288, 30.548, 26.617]"
141,76.8.213.231,"[[97, 75, 190], [97, 75, 188], [66, 219, 235]]",-1.0,-1.0,"[30.652, 26.029, 26.546, 26.542, 26.538]"
142,76.8.213.231,"[[97, 75, 190], [97, 75, 188], [66, 219, 235]]",-1.0,-1.0,"[24.975, 25.939, 26.491, 26.445, 26.53]"
143,76.8.213.231,"[[97, 75, 190], [97, 75, 188], [66, 219, 235]]",-1.0,-1.0,"[25.095, 25.883, 32.017, 26.644, 26.775]"
144,76.8.213.231,"[[97, 75, 190], [97, 75, 188], [66, 219, 235]]",-1.0,-1.0,"[25.244, 26.395, 26.451, 26.749, 26.61]"
145,76.8.213.231,"[[97, 75, 190], [97, 75, 188], [66, 219, 235]]",-1.0,-1.0,"[25.151, 25.935, 26.358, 26.601, 26.692]"
146,76.8.213.231,"[[97, 75, 190], [97, 75, 188], [66, 219, 235]]",-1.0,-1.0,"[25.093, 25.932, 26.321, 26.73, 26.587]"
147,76.8.213.231,"[[97, 75, 190], [97, 75, 188], [66, 219, 235]]",-1.0,-1.0,"[25.511, 26.397, 26.742, 26.841, 26.916]"
148,76.8.213.231,"[[97, 75, 190], [97, 75, 188], [66, 219, 235]]",-1.0,-1.0,"[25.235, 26.051, 26.284, 26.61, 26.635]"
149,76.8.213.231,"[[97, 75, 190], [97, 75, 188], [66, 219, 235]]",-1.0,-1.0,"[25.155, 26.115, 26.336, 26.674, 26.608]"
150,76.8.213.231,"[[97, 75, 190], [97, 75, 188], [66, 219, 235]]",-1.0,-1.0,"[25.368, 25.804, 26.347, 26.558, 26.801]"
151,76.8.213.231,"[[97, 75, 190], [97, 75, 188], [66, 219, 235]]",-1.0,-1.0,"[25.261, 25.894, 26.418, 26.404, 26.508]"
152,76.8.213.231,"[[97, 75, 190], [97, 75, 188], [66, 219, 235]]",-1.0,-1.0,"[25.153, 25.936, 26.317, 34.972, 26.668]"
153,76.8.213.231,"[[97, 75, 190], [97, 75, 188], [66, 219, 235]]",-1.0,-1.0,"[25.27, 26.041, 26.543, 26.801, 26.583]"
154,76.8.213.231,"[[97, 75, 190], [97, 75, 188], [66, 219, 235]]",-1.0,-1.0,"[25.978, 25.976, 26.278, 26.726, 26.547]"
155,76.8.213.231,"[[97, 75, 190], [97, 75, 188], [66, 219, 235]]",-1.0,-1.0,"[25.146, 26.15, 26.372, 26.821, 26.617]"
156,76.8.213.231,"[[97, 75, 190], [97, 75, 188], [66, 219, 235]]",-1.0,-1.0,"[25.243, 26.667, 26.426, 26.82, 26.76]"
157,76.8.213.231,"[[97, 75, 190], [97, 75, 188], [66, 219, 235]]",-1.0,-1.0,"[25.064, 25.865, 26.501, 26.798, 26.495]"
158,76.8.213.231,"[[97, 75, 190], [97, 75, 188], [66, 219, 235]]",-1.0,-1.0,"[25.222, 25.877, 26.449, 26.64, 26.762]"
159,76.8.213.231,"[[97, 75, 190], [97, 75, 188], [66, 219, 235]]",-1.0,-1.0,"[25.413, 25.918, 26.463, 26.46, 26.666]"
160,76.8.213.231,"[[97, 75, 190], [97, 75, 188], [66, 219, 235]]",-1.0,-1.0,"[25.074, 25.884, 26.32, 26.818, 26.684]"
161,76.8.213.231,"[[97, 75, 190], [97, 75, 188], [66, 219, 235]]",-1.0,-1.0,"[26.789, 28.354, 26.858, 32.273, 34.345]"
162,76.8.213.231,"[[97, 75, 190], [97, 75, 188], [66, 219, 235]]",-1.0,-1.0,"[25.063, 25.852, 26.48, 26.679, 26.553]"
163,76.8.213.231,"[[97, 75, 190], [97, 75, 188], [66, 219, 235]]",-1.0,-1.0,"[25.239, 25.848, 26.547, 26.844, 26.581]"
164,76.8.213.231,"[[97, 75, 190], [97, 75, 188], [66, 219, 235]]",-1.0,-1.0,"[25.335, 25.979, 26.318, 26.502, 26.618]"
165,76.8.213.231,"[[97, 75, 190], [97, 75, 188], [66, 219, 235]]",-1.0,-1.0,"[25.323, 26.117, 26.415, 26.548, 26.615]"
166,76.8.213.231,"[[97, 75, 190], [97, 75, 188], [66, 219, 235]]",-1.0,-1.0,"[25.225, 31.312, 26.387, 28.153, 26.587]"
167,76.8.213.231,"[[97, 75, 190], [97, 75, 188], [66, 219, 235]]",-1.0,-1.0,"[25.517, 26.182, 26.574, 26.86, 26.945]"
168,76.8.213.231,"[[97, 75, 190], [97, 75, 188], [66, 219, 235]]",-1.0,-1.0,"[25.39, 26.044, 26.482, 30.142, 26.753]"
169,76.8.213.231,"[[97, 75, 190], [97, 75, 188], [66, 219, 235]]",-1.0,-1.0,"[25.316, 49.798, 26.405, 39.034, 26.612]"
170,76.8.213.231,"[[97, 75, 190], [97, 75, 188], [66, 219, 235]]",-1.0,-1.0,"[31.003, 31.0, 30.996, 48.658, 30.988]"
171,76.8.213.231,"[[97, 75, 190], [97, 75, 188], [66, 219, 235]]",-1.0,-1.0,"[25.157, 25.809, 26.295, 26.516, 26.672]"
172,76.8.213.231,"[[97, 75, 190], [97, 75, 188], [66, 219, 235]]",-1.0,-1.0,"[25.185, 25.864, 26.388, 26.474, 26.57]"
173,76.8.213.231,"[[97, 75, 190], [97, 75, 188], [66, 219, 235]]",-1.0,-1.0,"[25.244, 25.929, 26.561, 26.844, 26.719]"
174,76.8.213.231,"[[97, 75, 190], [97, 75, 188], [66, 219, 235]]",-1.0,-1.0,"[25.197, 26.223, 26.405, 26.548, 26.673]"
175,76.8.213.231,"[[97, 75, 190], [97, 75, 188], [66, 219, 235]]",-1.0,-1.0,"[24.963, 25.938, 26.454, 34.995, 26.693]"
176,76.8.213.231,"[[97, 75, 190], [97, 75, 188], [66, 219, 235]]",-1.0,-1.0,"[25.106, 26.126, 26.535, 26.566, 26.845]"
177,76.8.213.231,"[[97, 75, 190], [97, 75, 188], [66, 219, 235]]",-1.0,-1.0,"[25.043, 31.611, 26.492, 26.796, 26.608]"
178,76.8.213.231,"[[97, 75, 190], [97, 75, 188], [66, 219, 235]]",-1.0,-1.0,"[26.023, 26.21, 26.417, 26.518, 26.686]"
179,76.8.213.231,"[[97, 75, 190], [97, 75, 188], [66, 219, 235]]",-1.0,-1.0,"[25.119, 26.004, 26.305, 27.492, 26.724]"
180,76.8.213.231,"[[97, 75, 190], [97, 75, 188], [66, 219, 235]]",-1.0,-1.0,"[25.205, 26.212, 27.138, 26.642, 26.738]"
181,76.8.213.231,"[[97, 75, 190], [97, 75, 188], [66, 219, 235]]",-1.0,-1.0,"[25.179, 26.109, 26.231, 26.554, 26.674]"
182,76.8.213.231,"[[97, 75, 190], [97, 75, 188], [66, 219, 235]]",-1.0,-1.0,"[25.293, 26.139, 26.428, 26.529, 26.563]"
183,76.8.213.231,"[[97, 75, 190], [97, 75, 188], [66, 219, 235]]",-1.0,-1.0,"[25.124, 26.521, 26.619, 26.589, 26.679]"
184,76.8.213.231,"[[97, 75, 190], [97, 75, 188], [66, 219, 235]]",-1.0,-1.0,"[25.165, 25.798, 26.337, 26.617, 26.678]"
185,76.8.213.231,"[[97, 75, 190], [97, 75, 188], [66, 219, 235]]",-1.0,-1.0,"[25.161, 25.815, 26.426, 26.557, 26.646]"
186,76.8.213.231,"[[97, 75, 190], [97, 75, 188], [66, 219, 235]]",-1.0,-1.0,"[34.151, 26.411, 26.723, 26.825, 26.606]"
187,76.8.213.231,"[[97, 75, 190], [97, 75, 188], [66, 219, 235]]",-1.0,-1.0,"[25.274, 26.198, 26.512, 26.508, 26.715]"
188,76.8.213.231,"[[97, 75, 190], [97, 75, 188], [66, 219, 235]]",-1.0,-1.0,"[25.428, 26.557, 26.407, 26.57, 26.688]"
189,76.8.213.231,"[[97, 75, 190], [97, 75, 188], [66, 219, 235]]",-1.0,-1.0,"[25.277, 25.958, 32.49, 26.616, 26.704]"
190,76.8.213.231,"[[97, 75, 190], [97, 75, 188], [66, 219, 235]]",-1.0,-1.0,"[25.055, 26.095, 26.424, 26.571, 26.645]"
191,76.8.213.231,"[[97, 75, 190], [97, 75, 188], [66, 219, 235]]",-1.0,-1.0,"[25.025, 25.926, 26.431, 26.852, 26.724]"
192,76.8.213.231,"[[97, 75, 190], [97, 75, 188], [66, 219, 235]]",-1.0,-1.0,"[25.278, 26.032, 28.124, 27.153, 26.559]"
193,76.8.213.231,"[[97, 75, 190], [97, 75, 188], [66, 219, 235]]",-1.0,-1.0,"[25.382, 25.898, 26.402, 26.725, 26.603]"
194,76.8.213.231,"[[97, 75, 190], [97, 75, 188], [66, 219, 235]]",-1.0,-1.0,"[25.521, 26.118, 29.75, 27.696, 26.642]"
195,76.8.213.231,"[[97, 75, 190], [97, 75, 188], [66, 219, 235]]",-1.0,-1.0,"[25.196, 25.945, 26.314, 26.924, 26.78]"
196,76.8.213.231,"[[97, 75, 190], [97, 75, 188], [66, 219, 235]]",-1.0,-1.0,"[26.22, 26.217, 26.542, 27.424, 27.42]"
197,76.8.213.231,"[[97, 75, 190], [97, 75, 188], [66, 219, 235]]",-1.0,-1.0,"[25.215, 25.875, 26.295, 26.586, 26.652]"
198,76.8.213.231,"[[97, 75, 190], [97, 75, 188], [66, 219, 235]]",-1.0,-1.0,"[25.104, 25.869, 26.224, 28.084, 26.587]"
199,76.8.213.231,"[[97, 75, 190], [97, 75, 188], [66, 219, 235]]",-1.0,-1.0,"[25.095, 26.082, 26.362, 26.527, 26.601]"
200,76.8.213.231,"[[97, 75, 190], [97, 75, 188], [66, 219, 235]]",-1.0,-1.0,"[25.303, 39.693, 26.348, 26.622, 26.62]"
201,76.8.213.231,"[[97, 75, 190], [97, 75, 188], [66, 219, 235]]",-1.0,-1.0,"[25.166, 32.128, 26.487, 26.512, 26.596]"
202,76.8.213.231,"[[97, 75, 190], [97, 75, 188], [66, 219, 235]]",-1.0,-1.0,"[28.662, 28.66, 28.658, 28.655, 28.652]"
203,76.8.213.231,"[[97, 75, 190], [97, 75, 188], [66, 219, 235]]",-1.0,-1.0,"[25.073, 26.156, 26.334, 26.65, 26.707]"
204,76.8.213.231,"[[97, 75, 190], [97, 75, 188], [66, 219, 235]]",-1.0,-1.0,"[25.379, 25.876, 34.134, 26.803, 26.539]"
205,76.8.213.231,"[[97, 75, 190], [97, 75, 188], [66, 219, 235]]",-1.0,-1.0,"[25.312, 26.034, 26.232, 26.44, 26.535]"
206,76.8.213.231,"[[97, 75, 190], [97, 75, 188], [66, 219, 235]]",-1.0,-1.0,"[25.233, 25.98, 26.406, 26.644, 26.739]"
207,76.8.213.231,"[[97, 75, 190], [97, 75, 188], [66, 219, 235]]",-1.0,-1.0,"[25.123, 25.844, 57.547, 26.463, 26.52]"
208,76.8.213.231,"[[97, 75, 190], [97, 75, 188], [66, 219, 235]]",-1.0,-1.0,"[25.263, 27.608, 26.529, 26.556, 26.639]"
209,76.8.213.231,"[[97, 75, 190], [97, 75, 188], [66, 219, 235]]",-1.0,-1.0,"[25.29, 26.033, 26.328, 26.721, 26.643]"
210,76.8.213.231,"[[97, 75, 190], [97, 75, 188], [66, 219, 235]]",-1.0,-1.0,"[25.138, 25.974, 26.3, 28.584, 26.642]"
211,76.8.213.231,"[[97, 75, 190], [97, 75, 188], [66, 219, 235]]",-1.0,-1.0,"[25.242, 26.043, 26.52, 26.537, 26.645]"
212,76.8.213.231,"[[97, 75, 190], [97, 75, 188], [66, 219, 235]]",-1.0,-1.0,"[25.209, 25.857, 26.378, 26.528, 26.612]"
213,76.8.213.231,"[[97, 75, 190], [97, 75, 188], [66, 219, 235]]",-1.0,-1.0,"[25.327, 25.831, 26.351, 28.348, 26.608]"
214,76.8.213.231,"[[97, 75, 190], [97, 75, 188], [66, 219, 235]]",-1.0,-1.0,"[25.356, 26.112, 26.276, 26.529, 26.612]"
215,76.8.213.231,"[[97, 75, 190], [97, 75, 188], [66, 219, 235]]",-1.0,-1.0,"[25.181, 37.278, 26.606, 26.951, 26.701]"
216,76.8.213.231,"[[97, 75, 190], [97, 75, 188], [66, 219, 235]]",-1.0,-1.0,"[25.226, 27.422, 26.381, 26.8, 26.713]"
217,76.8.213.231,"[[97, 75, 190], [97, 75, 188], [66, 219, 235]]",-1.0,-1.0,"[26.567, 26.435, 26.562, 27.788, 26.628]"
218,76.8.213.231,"[[97, 75, 190], [97, 75, 188], [66, 219, 235]]",-1.0,-1.0,"[25.171, 25.9, 26.343, 26.685, 26.54]"
219,76.8.213.231,"[[97, 75, 190], [97, 75, 188], [66, 219, 235]]",-1.0,-1.0,"[25.134, 25.976, 26.307, 26.456, 26.519]"
220,76.8.213.231,"[[97, 75, 190], [97, 75, 188], [66, 219, 235]]",-1.0,-1.0,"[25.195, 25.948, 26.53, 26.568, 26.665]"
221,76.8.213.231,"[[97, 75, 190], [97, 75, 188], [66, 219, 235]]",-1.0,-1.0,"[25.303, 60.766, 26.74, 26.453, 26.51]"
222,76.8.213.231,"[[97, 75, 190], [97, 75, 188], [66, 219, 235]]",-1.0,-1.0,"[25.344, 30.525, 26.339, 26.533, 26.593]"
223,76.8.213.231,"[[97, 75, 190], [97, 75, 188], [66, 219, 235]]",-1.0,-1.0,"[25.269, 25.859, 26.572, 26.734, 26.552]"
224,76.8.213.231,"[[97, 75, 190], [97, 75, 188], [66, 219, 235]]",-1.0,-1.0,"[25.259, 26.097, 26.46, 26.723, 26.56]"
225,76.8.213.231,"[[97, 75, 190], [97, 75, 188], [66, 219, 235]]",-1.0,-1.0,"[25.376, 26.142, 26.387, 26.77, 26.675]"
226,76.8.213.231,"[[97, 75, 190], [97, 75, 188], [66, 219, 235]]",-1.0,-1.0,"[43.672, 26.333, 26.417, 26.542, 26.58]"
227,76.8.213.231,"[[97, 75, 190], [97, 75, 188], [66, 219, 235]]",-1.0,-1.0,"[25.067, 26.071, 26.41, 26.555, 26.574]"
228,76.8.213.231,"[[97, 75, 190], [97, 75, 188], [66, 219, 235]]",-1.0,-1.0,"[25.26, 25.956, 26.509, 26.488, 26.644]"
229,76.8.213.231,"[[97, 75, 190], [97, 75, 188], [66, 219, 235]]",-1.0,-1.0,"[25.144, 25.956, 26.192, 26.668, 26.578]"
230,76.8.213.231,"[[97, 75, 190], [97, 75, 188], [66, 219, 235]]",-1.0,-1.0,"[25.08, 25.894, 26.756, 26.513, 26.637]"
231,76.8.213.231,"[[97, 75, 190], [97, 75, 188], [66, 219, 235]]",-1.0,-1.0,"[25.386, 25.839, 26.309, 26.467, 26.586]"
232,76.8.213.231,"[[97, 75, 190], [97, 75, 188], [66, 219, 235]]",-1.0,-1.0,"[25.117, 25.902, 26.55, 26.533, 26.666]"
233,76.8.213.231,"[[97, 75, 190], [97, 75, 188], [66, 219, 235]]",-1.0,-1.0,"[25.049, 25.915, 26.428, 28.156, 26.838]"
234,76.8.213.231,"[[97, 75, 190], [97, 75, 188], [66, 219, 235]]",-1.0,-1.0,"[25.221, 27.856, 26.525, 26.498, 26.559]"
235,76.8.213.231,"[[97, 75, 190], [97, 75, 188], [66, 219, 235]]",-1.0,-1.0,"[25.272, 26.065, 26.488, 26.496, 26.603]"
236,76.8.213.231,"[[97, 75, 190], [97, 75, 188], [66, 219, 235]]",-1.0,-1.0,"[25.261, 25.846, 26.334, 26.527, 26.603]"
237,76.8.213.231,"[[97, 75, 190], [97, 75, 188], [66, 219, 235]]",-1.0,-1.0,"[25.363, 27.01, 27.201, 26.78, 26.679]"
238,76.8.213.231,"[[97, 75, 190], [97, 75, 188], [66, 219, 235]]",-1.0,-1.0,"[25.12, 25.974, 26.481, 26.717, 26.545]"
239,76.8.213.231,"[[97, 75, 190], [97, 75, 188], [66, 219, 235]]",-1.0,-1.0,"[25.727, 26.381, 26.602, 27.084, 26.982]"
240,76.8.213.231,"[[97, 75, 190], [97, 75, 188], [66, 219, 235]]",-1.0,-1.0,"[25.008, 25.886, 26.393, 26.533, 26.731]"
241,76.8.213.231,"[[97, 75, 190], [97, 75, 188], [66, 219, 235]]",-1.0,-1.0,"[24.945, 26.071, 26.478, 26.63, 26.649]"
242,76.8.213.231,"[[97, 75, 190], [97, 75, 188], [66, 219, 235]]",-1.0,-1.0,"[25.04, 25.843, 26.372, 26.583, 26.676]"
243,76.8.213.231,"[[97, 75, 190], [97, 75, 188], [66, 219, 235]]",-1.0,-1.0,"[25.355, 26.029, 26.246, 26.527, 26.658]"
244,76.8.213.231,"[[97, 75, 190], [97, 75, 188], [66, 219, 235]]",-1.0,-1.0,"[25.573, 26.351, 26.882, 27.169, 27.09]"
245,76.8.213.231,"[[97, 75, 190], [97, 75, 188], [66, 219, 235]]",-1.0,-1.0,"[25.272, 25.887, 26.364, 26.592, 26.73]"
246,76.8.213.231,"[[97, 75, 190], [97, 75, 188], [66, 219, 235]]",-1.0,-1.0,"[25.201, 27.511, 26.39, 26.763, 26.536]"
247,76.8.213.231,"[[97, 75, 190], [97, 75, 188], [66, 219, 235]]",-1.0,-1.0,"[25.245, 25.812, 26.301, 26.844, 26.63]"
248,76.8.213.231,"[[97, 75, 190], [97, 75, 188], [66, 219, 235]]",-1.0,-1.0,"[25.195, 25.955, 26.5, 26.693, 26.575]"
249,76.8.213.231,"[[97, 75, 190], [97, 75, 188], [66, 219, 235]]",-1.0,-1.0,"[25.218, 27.131, 34.544, 26.769, 26.55]"
250,76.8.213.231,"[[97, 75, 190], [97, 75, 188], [66, 219, 235]]",-1.0,-1.0,"[26.089, 26.085, 26.486, 27.042, 27.038]"
251,76.8.213.231,"[[97, 75, 190], [97, 75, 188], [66, 219, 235]]",-1.0,-1.0,"[25.021, 25.904, 26.377, 26.722, 26.67]"
252,76.8.213.231,"[[97, 75, 190], [97, 75, 188], [66, 219, 235]]",-1.0,-1.0,"[25.239, 26.213, 26.234, 27.004, 26.672]"
253,76.8.213.231,"[[97, 75, 190], [97, 75, 188], [66, 219, 235]]",-1.0,-1.0,"[44.06, 26.143, 26.497, 26.668, 26.555]"
254,76.8.213.231,"[[97, 75, 190], [97, 75, 188], [66, 219, 235]]",-1.0,-1.0,"[25.269, 25.843, 26.371, 26.801, 26.624]"
255,76.8.213.231,"[[97, 75, 190], [97, 75, 188], [66, 219, 235]]",-1.0,-1.0,"[27.412, 26.426, 26.424, 27.252, 26.676]"
256,76.8.213.231,"[[97, 75, 190], [97, 75, 188], [66, 219, 235]]",-1.0,-1.0,"[25.129, 25.932, 26.4, 30.273, 26.649]"
257,76.8.213.231,"[[97, 75, 190], [97, 75, 188], [66, 219, 235]]",-1.0,-1.0,"[25.252, 25.9, 26.308, 26.862, 26.766]"
258,76.8.213.231,"[[97, 75, 190], [97, 75, 188], [66, 219, 235]]",-1.0,-1.0,"[25.24, 25.997, 26.283, 26.533, 26.617]"
259,76.8.213.231,"[[97, 75, 190], [97, 75, 188], [66, 219, 235]]",-1.0,-1.0,"[25.211, 26.057, 26.298, 26.465, 26.657]"
260,76.8.213.231,"[[97, 75, 190], [97, 75, 188], [66, 219, 235]]",-1.0,-1.0,"[26.701, 28.939, 28.936, 48.013, 28.926]"
261,76.8.213.231,"[[97, 75, 190], [97, 75, 188], [66, 219, 235]]",-1.0,-1.0,"[25.164, 28.38, 26.429, 26.769, 26.676]"
262,76.8.213.231,"[[97, 75, 190], [97, 75, 188], [66, 219, 235]]",-1.0,-1.0,"[25.652, 26.301, 26.663, 27.231, 27.004]"
263,76.8.213.231,"[[97, 75, 190], [97, 75, 188], [66, 219, 235]]",-1.0,-1.0,"[25.371, 25.875, 26.924, 27.625, 26.915]"
264,76.8.213.231,"[[97, 75, 190], [97, 75, 188], [66, 219, 235]]",-1.0,-1.0,"[25.232, 25.858, 31.041, 26.528, 26.605]"
265,76.8.213.231,"[[97, 75, 190], [97, 75, 188], [66, 219, 235]]",-1.0,-1.0,"[25.229, 26.115, 26.491, 26.611, 26.783]"
266,76.8.213.231,"[[97, 75, 190], [97, 75, 188], [66, 219, 235]]",-1.0,-1.0,"[25.305, 25.917, 26.464, 26.876, 26.751]"
267,76.8.213.231,"[[97, 75, 190], [97, 75, 188], [66, 219, 235]]",-1.0,-1.0,"[24.974, 25.799, 26.337, 27.892, 26.596]"
268,76.8.213.231,"[[97, 75, 190], [97, 75, 188], [66, 219, 235]]",-1.0,-1.0,"[25.226, 25.864, 26.281, 26.708, 26.571]"
269,76.8.213.231,"[[97, 75, 190], [97, 75, 188], [66, 219, 235]]",-1.0,-1.0,"[25.121, 48.263, 26.383, 26.689, 26.625]"
270,76.8.213.231,"[[97, 75, 190], [97, 75, 188], [66, 219, 235]]",-1.0,-1.0,"[25.066, 25.829, 26.279, 26.68, 26.592]"
271,76.8.213.231,"[[97, 75, 190], [97, 75, 188], [66, 219, 235]]",-1.0,-1.0,"[57.536, 26.488, 26.608, 26.677, 26.763]"
272,76.8.213.231,"[[97, 75, 190], [97, 75, 188], [66, 219, 235]]",-1.0,-1.0,"[25.162, 25.886, 26.339, 26.701, 26.564]"
273,76.8.213.231,"[[97, 75, 190], [97, 75, 188], [66, 219, 235]]",-1.0,-1.0,"[26.459, 26.199, 26.311, 26.574, 26.582]"
274,76.8.213.231,"[[97, 75, 190], [97, 75, 188], [66, 219, 235]]",-1.0,-1.0,"[25.396, 25.825, 26.321, 26.604, 26.729]"
275,76.8.213.231,"[[97, 75, 190], [97, 75, 188], [66, 219, 235]]",-1.0,-1.0,"[25.129, 26.156, 26.621, 26.726, 26.853]"
276,76.8.213.231,"[[97, 75, 190], [97, 75, 188], [66, 219, 235]]",-1.0,-1.0,"[25.183, 79.997, 26.333, 26.898, 26.52]"
277,76.8.213.231,"[[97, 75, 190], [97, 75, 188], [66, 219, 235]]",-1.0,-1.0,"[25.163, 25.869, 26.452, 26.838, 26.669]"
278,76.8.213.231,"[[97, 75, 190], [97, 75, 188], [66, 219, 235]]",-1.0,-1.0,"[25.257, 25.895, 26.42, 26.69, 26.48]"
279,76.8.213.231,"[[97, 75, 190], [97, 75, 188], [66, 219, 235]]",-1.0,-1.0,"[25.31, 26.128, 26.343, 26.747, 26.617]"
280,76.8.213.231,"[[97, 75, 190], [97, 75, 188], [66, 219, 235]]",-1.0,-1.0,"[25.102, 30.09, 26.242, 26.469, 26.598]"
281,76.8.213.231,"[[97, 75, 190], [97, 75, 188], [66, 219, 235]]",-1.0,-1.0,"[25.315, 25.922, 26.365, 26.69, 26.595]"
282,76.8.213.231,"[[97, 75, 190], [97, 75, 188], [66, 219, 235]]",-1.0,-1.0,"[25.421, 26.202, 27.044, 27.041, 26.869]"
283,76.8.213.231,"[[97, 75, 190], [97, 75, 188], [66, 219, 235]]",-1.0,-1.0,"[25.279, 26.932, 26.377, 26.748, 26.637]"
284,76.8.213.231,"[[97, 75, 190], [97, 75, 188], [66, 219, 235]]",-1.0,-1.0,"[25.053, 25.899, 26.39, 27.097, 26.851]"
285,76.8.213.231,"[[97, 75, 190], [97, 75, 188], [66, 219, 235]]",-1.0,-1.0,"[26.024, 26.143, 26.333, 26.568, 26.65]"
286,76.8.213.231,"[[97, 75, 190], [97, 75, 188], [66, 219, 235]]",-1.0,-1.0,"[25.134, 25.901, 26.299, 42.302, 26.522]"
287,76.8.213.231,"[[97, 75, 190], [97, 75, 188], [66, 219, 235]]",-1.0,-1.0,"[25.384, 28.511, 26.449, 26.809, 26.684]"
288,76.8.213.231,"[[97, 75, 190], [97, 75, 188], [66, 219, 235]]",-1.0,-1.0,"[26.283, 26.374, 26.524, 29.37, 26.658]"
289,76.8.213.231,"[[97, 75, 190], [97, 75, 188], [66, 219, 235]]",-1.0,-1.0,"[26.618, 26.231, 26.515, 27.868, 26.597]"
290,76.8.213.231,"[[97, 75, 190], [97, 75, 188], [66, 219, 235]]",-1.0,-1.0,"[25.309, 26.779, 26.384, 27.761, 26.563]"
291,76.8.213.231,"[[97, 75, 190], [97, 75, 188], [66, 219, 235]]",-1.0,-1.0,"[25.117, 25.919, 26.344, 27.037, 26.588]"
292,76.8.213.231,"[[97, 75, 190], [97, 75, 188], [66, 219, 235]]",-1.0,-1.0,"[25.404, 41.006, 26.344, 28.68, 28.674]"
293,76.8.213.231,"[[97, 75, 190], [97, 75, 188], [66, 219, 235]]",-1.0,-1.0,"[25.202, 25.975, 26.501, 26.584, 26.677]"
294,76.8.213.231,"[[97, 75, 190], [97, 75, 188], [66, 219, 235]]",-1.0,-1.0,"[25.198, 25.916, 26.324, 26.579, 26.674]"
295,76.8.213.231,"[[97, 75, 190], [97, 75, 188], [66, 219, 235]]",-1.0,-1.0,"[25.218, 25.885, 26.552, 26.67, 26.576]"
296,76.8.213.231,"[[97, 75, 190], [97, 75, 188], [66, 219, 235]]",-1.0,-1.0,"[28.458, 26.387, 28.121, 37.843, 26.54]"
297,76.8.213.231,"[[97, 75, 190], [97, 75, 188], [66, 219, 235]]",-1.0,-1.0,"[25.069, 25.892, 26.522, 26.564, 26.652]"
298,76.8.213.231,"[[97, 75, 190], [97, 75, 188], [66, 219, 235]]",-1.0,-1.0,"[25.062, 26.449, 26.446, 26.649, 26.715]"
299,76.8.213.231,"[[97, 75, 190], [97, 75, 188], [66, 219, 235]]",-1.0,-1.0,"[25.189, 26.033, 26.533, 26.486, 26.688]"
300,76.8.213.231,"[[97, 75, 190], [97, 75, 188], [66, 219, 235]]",-1.0,-1.0,"[25.223, 26.473, 26.332, 26.7, 26.697]"
301,76.8.213.231,"[[97, 75, 190], [97, 75, 188], [66, 219, 235]]",-1.0,-1.0,"[25.084, 25.871, 26.42, 26.783, 26.654]"
302,76.8.213.231,"[[97, 75, 190], [97, 75, 188], [66, 219, 235]]",-1.0,-1.0,"[25.04, 25.89, 26.303, 26.884, 26.587]"
303,76.8.213.231,"[[97, 75, 190], [97, 75, 188], [66, 219, 235]]",-1.0,-1.0,"[25.224, 26.103, 26.339, 26.725, 26.636]"
304,76.8.213.231,"[[97, 75, 190], [97, 75, 188], [66, 219, 235]]",-1.0,-1.0,"[30.727, 29.851, 28.125, 28.121, 28.115]"
305,76.8.213.231,"[[97, 75, 190], [97, 75, 188], [66, 219, 235]]",-1.0,-1.0,"[25.105, 26.008, 26.24, 26.554, 26.644]"
306,76.8.213.231,"[[97, 75, 190], [97, 75, 188], [66, 219, 235]]",-1.0,-1.0,"[24.971, 27.264, 26.304, 30.686, 26.534]"
307,76.8.213.231,"[[97, 75, 190], [97, 75, 188], [66, 219, 235]]",-1.0,-1.0,"[25.019, 26.185, 26.958, 35.472, 26.82]"
308,76.8.213.231,"[[97, 75, 190], [97, 75, 188], [66, 219, 235]]",-1.0,-1.0,"[27.617, 26.619, 26.793, 26.763, 26.847]"
309,76.8.213.231,"[[97, 75, 190], [97, 75, 188], [66, 219, 235]]",-1.0,-1.0,"[25.655, 26.201, 26.77, 27.528, 27.09]"
310,76.8.213.231,"[[97, 75, 190], [97, 75, 188], [66, 219, 235]]",-1.0,-1.0,"[25.119, 26.16, 26.44, 26.76, 26.646]"
311,76.8.213.231,"[[97, 75, 190], [97, 75, 188], [66, 219, 235]]",-1.0,-1.0,"[25.091, 25.846, 26.471, 26.498, 26.584]"
312,76.8.213.231,"[[97, 75, 190], [97, 75, 188], [66, 219, 235]]",-1.0,-1.0,"[24.998, 26.704, 26.296, 26.501, 26.67]"
313,76.8.213.231,"[[97, 75, 190], [97, 75, 188], [66, 219, 235]]",-1.0,-1.0,"[24.974, 26.042, 26.366, 26.469, 26.789]"
314,76.8.213.231,"[[97, 75, 190], [97, 75, 188], [66, 219, 235]]",-1.0,-1.0,"[25.147, 25.876, 26.52, 26.493, 26.558]"
315,76.8.213.231,"[[97, 75, 190], [97, 75, 188], [66, 219, 235]]",-1.0,-1.0,"[25.047, 27.525, 26.303, 39.284, 26.635]"
316,76.8.213.231,"[[97, 75, 190], [97, 75, 188], [66, 219, 235]]",-1.0,-1.0,"[25.158, 25.866, 26.305, 26.508, 26.611]"
317,76.8.213.231,"[[97, 75, 190], [97, 75, 188], [66, 219, 235]]",-1.0,-1.0,"[25.287, 26.063, 26.526, 32.783, 32.781]"
318,76.8.213.231,"[[97, 75, 190], [97, 75, 188], [66, 219, 235]]",-1.0,-1.0,"[25.015, 26.052, 28.946, 26.563, 26.66]"
319,76.8.213.231,"[[97, 75, 190], [97, 75, 188], [66, 219, 235]]",-1.0,-1.0,"[25.209, 25.99, 26.326, 26.532, 26.69]"
320,76.8.213.231,"[[97, 75, 190], [97, 75, 188], [66, 219, 235]]",-1.0,-1.0,"[25.073, 25.94, 26.362, 26.56, 26.649]"
321,76.8.213.231,"[[97, 75, 190], [97, 75, 188], [66, 219, 235]]",-1.0,-1.0,"[25.27, 34.057, 26.215, 26.417, 26.486]"
322,76.8.213.231,"[[97, 75, 190], [97, 75, 188], [66, 219, 235]]",-1.0,-1.0,"[25.174, 25.851, 26.492, 26.746, 26.745]"
323,76.8.213.231,"[[97, 75, 190], [97, 75, 188], [66, 219, 235]]",-1.0,-1.0,"[25.22, 25.843, 26.311, 26.442, 26.518]"
324,76.8.213.231,"[[97, 75, 190], [97, 75, 188], [66, 219, 235]]",-1.0,-1.0,"[25.24, 25.838, 26.362, 26.736, 26.518]"
325,76.8.213.231,"[[97, 75, 190], [97, 75, 188], [66, 219, 235]]",-1.0,-1.0,"[29.572, 26.171, 28.642, 26.748, 26.533]"
326,76.8.213.231,"[[97, 75, 190], [97, 75, 188], [66, 219, 235]]",-1.0,-1.0,"[30.194, 37.948, 26.749, 26.669, 26.535]"
327,76.8.213.231,"[[97, 75, 190], [97, 75, 188], [66, 219, 235]]",-1.0,-1.0,"[25.275, 26.009, 26.359, 26.647, 26.644]"
328,76.8.213.231,"[[97, 75, 190], [97, 75, 188], [66, 219, 235]]",-1.0,-1.0,"[25.261, 25.927, 26.581, 26.578, 26.621]"
329,76.8.213.231,"[[97, 75, 190], [97, 75, 188], [66, 219, 235]]",-1.0,-1.0,"[25.876, 26.007, 26.3, 26.429, 26.577]"
330,76.8.213.231,"[[97, 75, 190], [97, 75, 188], [66, 219, 235]]",-1.0,-1.0,"[25.167, 25.875, 31.894, 31.891, 31.889]"
331,76.8.213.231,"[[97, 75, 190], [97, 75, 188], [66, 219, 235]]",-1.0,-1.0,"[24.985, 25.971, 26.51, 26.536, 26.612]"
332,76.8.213.231,"[[97, 75, 190], [97, 75, 188], [66, 219, 235]]",-1.0,-1.0,"[25.363, 25.996, 26.325, 26.478, 26.583]"
333,76.8.213.231,"[[97, 75, 190], [97, 75, 188], [66, 219, 235]]",-1.0,-1.0,"[42.108, 26.404, 36.845, 26.442, 26.573]"
334,76.8.213.231,"[[97, 75, 190], [97, 75, 188], [66, 219, 235]]",-1.0,-1.0,"[25.385, 25.896, 26.509, 26.54, 26.654]"
335,76.8.213.231,"[[97, 75, 190], [97, 75, 188], [66, 219, 235]]",-1.0,-1.0,"[25.205, 26.116, 26.357, 26.526, 26.617]"
336,76.8.213.231,"[[97, 75, 190], [97, 75, 188], [66, 219, 235]]",-1.0,-1.0,"[25.042, 25.89, 26.32, 28.006, 26.645]"
337,76.8.213.231,"[[97, 75, 190], [97, 75, 188], [66, 219, 235]]",-1.0,-1.0,"[25.17, 25.974, 26.321, 26.679, 26.614]"
338,76.8.213.231,"[[97, 75, 190], [97, 75, 188], [66, 219, 235]]",-1.0,-1.0,"[25.156, 26.368, 26.231, 26.721, 26.611]"
339,76.8.213.231,"[[97, 75, 190], [97, 75, 188], [66, 219, 235]]",-1.0,-1.0,"[25.072, 25.893, 26.644, 26.642, 26.663]"
340,76.8.213.231,"[[97, 75, 190], [97, 75, 188], [66, 219, 235]]",-1.0,-1.0,"[25.165, 26.062, 26.463, 26.738, 26.578]"
341,76.8.213.231,"[[97, 75, 190], [97, 75, 188], [66, 219, 235]]",-1.0,-1.0,"[25.002, 25.821, 26.325, 26.617, 26.532]"
342,76.8.213.231,"[[97, 75, 190], [97, 75, 188], [66, 219, 235]]",-1.0,-1.0,"[25.5, 26.709, 26.404, 26.685, 26.646]"
343,76.8.213.231,"[[97, 75, 190], [97, 75, 188], [66, 219, 235]]",-1.0,-1.0,"[25.431, 25.954, 26.515, 26.717, 26.594]"
344,76.8.213.231,"[[97, 75, 190], [97, 75, 188], [66, 219, 235]]",-1.0,-1.0,"[25.184, 25.944, 26.235, 26.508, 26.619]"
345,76.8.213.231,"[[97, 75, 190], [97, 75, 188], [66, 219, 235]]",-1.0,-1.0,"[25.091, 25.83, 26.47, 26.514, 26.611]"
346,76.8.213.231,"[[97, 75, 190], [97, 75, 188], [66, 219, 235]]",-1.0,-1.0,"[25.127, 25.851, 26.452, 28.45, 26.52]"
347,76.8.213.231,"[[97, 75, 190], [97, 75, 188], [66, 219, 235]]",-1.0,-1.0,"[25.035, 25.915, 26.357, 26.518, 26.685]"
348,76.8.213.231,"[[97, 75, 190], [97, 75, 188], [66, 219, 235]]",-1.0,-1.0,"[25.241, 25.88, 26.197, 26.584, 26.672]"
349,76.8.213.231,"[[97, 75, 190], [97, 75, 188], [66, 219, 235]]",-1.0,-1.0,"[25.07, 26.011, 26.286, 26.778, 26.67]"
350,76.8.213.231,"[[97, 75, 190], [97, 75, 188], [66, 219, 235]]",-1.0,-1.0,"[28.225, 29.09, 39.724, 29.791, 29.622]"
351,76.8.213.231,"[[97, 75, 190], [97, 75, 188], [66, 219, 235]]",-1.0,-1.0,"[25.405, 26.338, 26.279, 26.781, 26.695]"
352,76.8.213.231,"[[97, 75, 190], [97, 75, 188], [66, 219, 235]]",-1.0,-1.0,"[25.358, 27.151, 26.552, 26.857, 26.659]"
353,76.8.213.231,"[[97, 75, 190], [97, 75, 188], [66, 219, 235]]",-1.0,-1.0,"[25.234, 25.939, 26.465, 27.325, 26.553]"
354,76.8.213.231,"[[97, 75, 190], [97, 75, 188], [66, 219, 235]]",-1.0,-1.0,"[26.344, 26.34, 26.336, 26.66, 26.555]"
355,76.8.213.231,"[[97, 75, 190], [97, 75, 188], [66, 219, 235]]",-1.0,-1.0,"[25.228, 26.07, 26.315, 26.713, 26.436]"
356,76.8.213.231,"[[97, 75, 190], [97, 75, 188], [66, 219, 235]]",-1.0,-1.0,"[25.165, 26.007, 26.493, 26.731, 26.625]"
357,76.8.213.231,"[[97, 75, 190], [97, 75, 188], [66, 219, 235]]",-1.0,-1.0,"[25.786, 26.361, 26.728, 27.275, 27.091]"
358,76.8.213.231,"[[97, 75, 190], [97, 75, 188], [66, 219, 235]]",-1.0,-1.0,"[25.201, 26.176, 26.32, 26.81, 26.711]"
359,76.8.213.231,"[[97, 75, 190], [97, 75, 188], [66, 219, 235]]",-1.0,-1.0,"[25.514, 25.921, 26.296, 26.778, 26.554]"
360,76.8.213.231,"[[97, 75, 190], [97, 75, 188], [66, 219, 235]]",-1.0,-1.0,"[25.218, 25.801, 26.473, 31.109, 26.544]"
361,76.8.213.231,"[[97, 75, 190], [97, 75, 188], [66, 219, 235]]",-1.0,-1.0,"[25.285, 25.951, 26.36, 27.766, 26.676]"
362,76.8.213.231,"[[97, 75, 190], [97, 75, 188], [66, 219, 235]]",-1.0,-1.0,"[25.388, 26.125, 26.299, 26.839, 26.704]"
363,76.8.213.231,"[[97, 75, 190], [97, 75, 188], [66, 219, 235]]",-1.0,-1.0,"[25.43, 26.489, 26.329, 27.395, 26.6]"
364,76.8.213.231,"[[97, 75, 190], [97, 75, 188], [66, 219, 235]]",-1.0,-1.0,"[25.077, 25.927, 26.376, 26.659, 26.775]"
365,76.8.213.231,"[[97, 75, 190], [97, 75, 188], [66, 219, 235]]",-1.0,-1.0,"[25.19, 27.046, 36.828, 26.721, 26.628]"
366,76.8.213.231,"[[97, 75, 190], [97, 75, 188], [66, 219, 235]]",-1.0,-1.0,"[25.141, 26.06, 26.42, 35.353, 26.521]"
367,76.8.213.231,"[[97, 75, 190], [97, 75, 188], [66, 219, 235]]",-1.0,-1.0,"[25.159, 26.162, 26.421, 26.703, 26.595]"
368,76.8.213.231,"[[97, 75, 190], [97, 75, 188], [66, 219, 235]]",-1.0,-1.0,"[25.346, 27.021, 27.375, 26.811, 26.743]"
369,76.8.213.231,"[[97, 75, 190], [97, 75, 188], [66, 219, 235]]",-1.0,-1.0,"[25.083, 26.141, 26.28, 26.867, 26.754]"
370,76.8.213.231,"[[97, 75, 190], [97, 75, 188], [66, 219, 235]]",-1.0,-1.0,"[25.087, 26.029, 26.406, 26.743, 26.56]"
371,76.8.213.231,"[[97, 75, 190], [97, 75, 188], [66, 219, 235]]",-1.0,-1.0,"[25.183, 25.954, 26.344, 26.706, 26.582]"
372,76.8.213.231,"[[97, 75, 190], [97, 75, 188], [66, 219, 235]]",-1.0,-1.0,"[25.17, 25.914, 26.452, 26.755, 26.648]"
373,76.8.213.231,"[[97, 75, 190], [97, 75, 188], [66, 219, 235]]",-1.0,-1.0,"[25.078, 25.925, 26.534, 26.804, 26.682]"
374,76.8.213.231,"[[97, 75, 190], [97, 75, 188], [66, 219, 235]]",-1.0,-1.0,"[25.14, 26.691, 27.896, 26.702, 26.682]"
375,76.8.213.231,"[[97, 75, 190], [97, 75, 188], [66, 219, 235]]",-1.0,-1.0,"[25.044, 25.934, 48.91, 26.723, 26.598]"
376,76.8.213.231,"[[97, 75, 190], [97, 75, 188], [66, 219, 235]]",-1.0,-1.0,"[25.242, 32.158, 26.846, 26.59, 26.723]"
377,76.8.213.231,"[[97, 75, 190], [97, 75, 188], [66, 219, 235]]",-1.0,-1.0,"[25.047, 26.112, 26.439, 26.499, 26.592]"
378,76.8.213.231,"[[97, 75, 190], [97, 75, 188], [66, 219, 235]]",-1.0,-1.0,"[25.014, 25.814, 26.284, 26.653, 26.523]"
379,76.8.213.231,"[[97, 75, 190], [97, 75, 188], [66, 219, 235]]",-1.0,-1.0,"[25.033, 26.053, 27.45, 28.226, 26.543]"
380,76.8.213.231,"[[97, 75, 190], [97, 75, 188], [66, 219, 235]]",-1.0,-1.0,"[25.022, 25.902, 26.508, 26.812, 26.687]"
381,76.8.213.231,"[[97, 75, 190], [97, 75, 188], [66, 219, 235]]",-1.0,-1.0,"[27.471, 28.165, 28.799, 27.763, 27.684]"
382,76.8.213.231,"[[97, 75, 190], [97, 75, 188], [66, 219, 235]]",-1.0,-1.0,"[25.418, 26.246, 26.641, 27.377, 26.926]"
383,76.8.213.231,"[[97, 75, 190], [97, 75, 188], [66, 219, 235]]",-1.0,-1.0,"[25.22, 27.932, 26.392, 26.696, 26.846]"
384,76.8.213.231,"[[97, 75, 190], [97, 75, 188], [66, 219, 235]]",-1.0,-1.0,"[25.28, 26.081, 26.381, 34.167, 26.74]"
385,76.8.213.231,"[[97, 75, 190], [97, 75, 188], [66, 219, 235]]",-1.0,-1.0,"[25.115, 25.851, 26.511, 26.806, 26.641]"
386,76.8.213.231,"[[97, 75, 190], [97, 75, 188], [66, 219, 235]]",-1.0,-1.0,"[25.325, 28.067, 26.389, 26.782, 26.632]"
387,76.8.213.231,"[[97, 75, 190], [97, 75, 188], [66, 219, 235]]",-1.0,-1.0,"[25.289, 43.787, 26.255, 26.839, 26.706]"
388,76.8.213.231,"[[97, 75, 190], [97, 75, 188], [66, 219, 235]]",-1.0,-1.0,"[25.199, 25.921, 26.49, 26.507, 26.593]"
389,76.8.213.231,"[[97, 75, 190], [97, 75, 188], [66, 219, 235]]",-1.0,-1.0,"[25.232, 25.947, 26.389, 26.536, 26.561]"
390,76.8.213.231,"[[97, 75, 190], [97, 75, 188], [66, 219, 235]]",-1.0,-1.0,"[26.19, 26.531, 43.084, 32.49, 26.854]"
391,76.8.213.231,"[[97, 75, 190], [97, 75, 188], [66, 219, 235]]",-1.0,-1.0,"[25.14, 25.84, 26.47, 26.491, 26.64]"
392,76.8.213.231,"[[97, 75, 190], [97, 75, 188], [66, 219, 235]]",-1.0,-1.0,"[24.946, 26.928, 26.349, 27.298, 26.661]"
393,76.8.213.231,"[[97, 75, 190], [97, 75, 188], [66, 219, 235]]",-1.0,-1.0,"[25.326, 26.073, 26.356, 26.595, 26.738]"
394,76.8.213.231,"[[97, 75, 190], [97, 75, 188], [66, 219, 235]]",-1.0,-1.0,"[25.205, 26.084, 26.349, 26.765, 26.674]"
395,76.8.213.231,"[[97, 75, 190], [97, 75, 188], [66, 219, 235]]",-1.0,-1.0,"[27.126, 26.151, 41.473, 26.533, 26.619]"
396,76.8.213.231,"[[97, 75, 190], [97, 75, 188], [66, 219, 235]]",-1.0,-1.0,"[25.336, 26.367, 26.554, 26.857, 26.689]"
397,76.8.213.231,"[[97, 75, 190], [97, 75, 188], [66, 219, 235]]",-1.0,-1.0,"[25.175, 25.932, 26.359, 26.706, 26.766]"
398,76.8.213.231,"[[97, 75, 190], [97, 75, 188], [66, 219, 235]]",-1.0,-1.0,"[25.191, 25.877, 26.974, 26.519, 26.652]"
399,76.8.213.231,"[[97, 75, 190], [97, 75, 188], [66, 219, 235]]",-1.0,-1.0,"[25.401, 25.949, 26.528, 26.815, 26.942]"
400,76.8.213.231,"[[97, 75, 190], [97, 75, 188], [66, 219, 235]]",-1.0,-1.0,"[25.497, 26.137, 26.441, 26.568, 26.683]"
401,76.8.213.231,"[[97, 75, 190], [97, 75, 188], [66, 219, 235]]",-1.0,-1.0,"[25.38, 26.109, 27.539, 26.501, 26.587]"
402,76.8.213.231,"[[97, 75, 190], [97, 75, 188], [66, 219, 235]]",-1.0,-1.0,"[25.373, 26.008, 26.418, 28.427, 26.55]"
403,76.8.213.231,"[[97, 75, 190], [97, 75, 188], [66, 219, 235]]",-1.0,-1.0,"[25.121, 26.03, 26.352, 26.494, 26.778]"
404,76.8.213.231,"[[97, 75, 190], [97, 75, 188], [66, 219, 235]]",-1.0,-1.0,"[25.132, 26.139, 26.534, 26.756, 26.683]"
405,76.8.213.231,"[[97, 75, 190], [97, 75, 188], [66, 219, 235]]",-1.0,-1.0,"[25.049, 25.926, 26.865, 26.567, 26.715]"
406,76.8.213.231,"[[97, 75, 190], [97, 75, 188], [66, 219, 235]]",-1.0,-1.0,"[25.374, 28.849, 26.417, 26.599, 26.737]"
407,76.8.213.231,"[[97, 75, 190], [97, 75, 188], [66, 219, 235]]",-1.0,-1.0,"[54.381, 26.071, 26.409, 28.612, 26.543]"
408,76.8.213.231,"[[97, 75, 190], [97, 75, 188], [66, 219, 235]]",-1.0,-1.0,"[25.154, 26.01, 26.47, 26.579, 26.722]"
409,76.8.213.231,"[[97, 75, 190], [97, 75, 188], [66, 219, 235]]",-1.0,-1.0,"[25.412, 26.207, 26.297, 26.767, 26.848]"
410,76.8.213.231,"[[97, 75, 190], [97, 75, 188], [66, 219, 235]]",-1.0,-1.0,"[25.084, 25.869, 26.537, 26.533, 26.682]"
411,76.8.213.231,"[[97, 75, 190], [97, 75, 188], [66, 219, 235]]",-1.0,-1.0,"[25.211, 25.826, 26.412, 26.489, 26.717]"
412,76.8.213.231,"[[97, 75, 190], [97, 75, 188], [66, 219, 235]]",-1.0,-1.0,"[25.82, 26.644, 26.496, 26.491, 27.546]"
413,76.8.213.231,"[[97, 75, 190], [97, 75, 188], [66, 219, 235]]",-1.0,-1.0,"[27.654, 27.651, 27.672, 27.644, 27.641]"
414,76.8.213.231,"[[97, 75, 190], [97, 75, 188], [66, 219, 235]]",-1.0,-1.0,"[25.18, 26.06, 55.967, 37.421, 26.626]"
415,76.8.213.231,"[[97, 75, 190], [97, 75, 188], [66, 219, 235]]",-1.0,-1.0,"[25.314, 27.812, 26.383, 30.776, 26.63]"
416,76.8.213.231,"[[97, 75, 190], [97, 75, 188], [66, 219, 235]]",-1.0,-1.0,"[25.296, 25.865, 26.405, 26.522, 26.606]"
417,76.8.213.231,"[[97, 75, 190], [97, 75, 188], [66, 219, 235]]",-1.0,-1.0,"[25.495, 25.95, 26.284, 26.932, 26.746]"
418,76.8.213.231,"[[97, 75, 190], [97, 75, 188], [66, 219, 235]]",-1.0,-1.0,"[25.129, 25.863, 26.313, 27.583, 26.638]"
419,76.8.213.231,"[[97, 75, 190], [97, 75, 188], [66, 219, 235]]",-1.0,-1.0,"[25.246, 25.98, 26.355, 27.436, 26.761]"
420,76.8.213.231,"[[97, 75, 190], [97, 75, 188], [66, 219, 235]]",-1.0,-1.0,"[25.219, 25.948, 27.543, 26.534, 26.608]"
421,76.8.213.231,"[[97, 75, 190], [97, 75, 188], [66, 219, 235]]",-1.0,-1.0,"[24.976, 25.884, 26.283, 26.518, 26.6]"
422,76.8.213.231,"[[97, 75, 190], [97, 75, 188], [66, 219, 235]]",-1.0,-1.0,"[25.155, 25.878, 26.386, 26.552, 26.64]"
423,76.8.213.231,"[[97, 75, 190], [97, 75, 188], [66, 219, 235]]",-1.0,-1.0,"[25.161, 25.929, 26.417, 26.649, 26.82]"
424,76.8.213.231,"[[97, 75, 190], [97, 75, 188], [66, 219, 235]]",-1.0,-1.0,"[25.17, 25.858, 26.617, 26.743, 26.612]"
425,76.8.213.231,"[[97, 75, 190], [97, 75, 188], [66, 219, 235]]",-1.0,-1.0,"[25.257, 46.222, 26.405, 26.806, 26.573]"
426,76.8.213.231,"[[97, 75, 190], [97, 75, 188], [66, 219, 235]]",-1.0,-1.0,"[41.075, 26.053, 26.461, 26.73, 26.725]"
427,76.8.213.231,"[[97, 75, 190], [97, 75, 188], [66, 219, 235]]",-1.0,-1.0,"[25.133, 25.847, 26.405, 26.42, 26.513]"
428,76.8.213.231,"[[97, 75, 190], [97, 75, 188], [66, 219, 235]]",-1.0,-1.0,"[25.446, 25.922, 26.451, 26.582, 26.465]"
429,76.8.213.231,"[[97, 75, 190], [97, 75, 188], [66, 219, 235]]",-1.0,-1.0,"[25.066, 25.954, 26.303, 33.766, 26.557]"
430,76.8.213.231,"[[97, 75, 190], [97, 75, 188], [66, 219, 235]]",-1.0,-1.0,"[27.404, 26.187, 34.592, 26.978, 26.588]"
431,76.8.213.231,"[[97, 75, 190], [97, 75, 188], [66, 219, 235]]",-1.0,-1.0,"[33.563, 27.211, 26.548, 26.626, 26.744]"
432,76.8.213.231,"[[97, 75, 190], [97, 75, 188], [66, 219, 235]]",-1.0,-1.0,"[25.174, 33.203, 26.385, 26.436, 26.846]"
433,76.8.213.231,"[[97, 75, 190], [97, 75, 188], [66, 219, 235]]",-1.0,-1.0,"[25.289, 26.273, 26.528, 27.764, 26.551]"
434,76.8.213.231,"[[97, 75, 190], [97, 75, 188], [66, 219, 235]]",-1.0,-1.0,"[25.915, 25.949, 26.36, 26.652, 26.736]"
435,76.8.213.231,"[[97, 75, 190], [97, 75, 188], [66, 219, 235]]",-1.0,-1.0,"[25.094, 25.924, 26.552, 27.061, 26.546]"
436,76.8.213.231,"[[97, 75, 190], [97, 75, 188], [66, 219, 235]]",-1.0,-1.0,"[25.166, 25.867, 26.314, 26.637, 26.719]"
437,76.8.213.231,"[[97, 75, 190], [97, 75, 188], [66, 219, 235]]",-1.0,-1.0,"[25.078, 26.079, 26.421, 26.485, 26.594]"
438,76.8.213.231,"[[97, 75, 190], [97, 75, 188], [66, 219, 235]]",-1.0,-1.0,"[25.023, 25.901, 26.255, 26.424, 26.544]"
439,76.8.213.231,"[[97, 75, 190], [97, 75, 188], [66, 219, 235]]",-1.0,-1.0,"[25.265, 27.115, 26.725, 26.5, 26.614]"
440,76.8.213.231,"[[97, 75, 190], [97, 75, 188], [66, 219, 235]]",-1.0,-1.0,"[25.229, 26.126, 26.351, 26.52, 26.616]"
441,76.8.213.231,"[[97, 75, 190], [97, 75, 188], [66, 219, 235]]",-1.0,-1.0,"[25.111, 25.836, 26.398, 26.429, 26.514]"
442,76.8.213.231,"[[97, 75, 190], [97, 75, 188], [66, 219, 235]]",-1.0,-1.0,"[25.309, 27.156, 26.525, 26.686, 26.605]"
443,76.8.213.231,"[[97, 75, 190], [97, 75, 188], [66, 219, 235]]",-1.0,-1.0,"[25.948, 26.038, 26.311, 34.742, 26.58]"
444,76.8.213.231,"[[97, 75, 190], [97, 75, 188], [66, 219, 235]]",-1.0,-1.0,"[27.288, 27.444, 27.346, 27.595, 27.765]"
445,76.8.213.231,"[[97, 75, 190], [97, 75, 188], [66, 219, 235]]",-1.0,-1.0,"[25.139, 26.063, 26.225, 26.83, 26.684]"
446,76.8.213.231,"[[97, 75, 190], [97, 75, 188], [66, 219, 235]]",-1.0,-1.0,"[25.004, 25.785, 26.257, 26.655, 26.549]"
447,76.8.213.231,"[[97, 75, 190], [97, 75, 188], [66, 219, 235]]",-1.0,-1.0,"[25.116, 25.919, 26.325, 26.516, 26.626]"
448,76.8.213.231,"[[97, 75, 190], [97, 75, 188], [66, 219, 235]]",-1.0,-1.0,"[25.054, 26.093, 26.431, 26.562, 26.664]"
449,76.8.213.231,"[[97, 75, 190], [97, 75, 188], [66, 219, 235]]",-1.0,-1.0,"[25.095, 25.99, 26.257, 27.171, 26.614]"
450,76.8.213.231,"[[97, 75, 190], [97, 75, 188], [66, 219, 235]]",-1.0,-1.0,"[25.103, 33.313, 26.416, 26.529, 26.628]"
451,76.8.213.231,"[[97, 75, 190], [97, 75, 188], [66, 219, 235]]",-1.0,-1.0,"[31.142, 26.241, 26.352, 27.452, 26.514]"
452,76.8.213.231,"[[97, 75, 190], [97, 75, 188], [66, 219, 235]]",-1.0,-1.0,"[26.205, 26.24, 26.434, 26.589, 26.609]"
453,76.8.213.231,"[[97, 75, 190], [97, 75, 188], [66, 219, 235]]",-1.0,-1.0,"[25.996, 26.109, 26.447, 28.196, 26.647]"
454,76.8.213.231,"[[97, 75, 190], [97, 75, 188], [66, 219, 235]]",-1.0,-1.0,"[25.218, 25.838, 26.563, 27.788, 26.556]"
455,76.8.213.231,"[[97, 75, 190], [97, 75, 188], [66, 219, 235]]",-1.0,-1.0,"[25.441, 27.074, 26.266, 26.564, 26.631]"
456,76.8.213.231,"[[97, 75, 190], [97, 75, 188], [66, 219, 235]]",-1.0,-1.0,"[25.537, 26.324, 26.826, 26.939, 27.028]"
457,76.8.213.231,"[[97, 75, 190], [97, 75, 188], [66, 219, 235]]",-1.0,-1.0,"[25.388, 25.96, 26.369, 26.678, 26.599]"
458,76.8.213.231,"[[97, 75, 190], [97, 75, 188], [66, 219, 235]]",-1.0,-1.0,"[24.934, 25.958, 26.309, 26.392, 26.491]"
459,76.8.213.231,"[[97, 75, 190], [97, 75, 188], [66, 219, 235]]",-1.0,-1.0,"[25.243, 27.056, 27.13, 26.522, 26.608]"
460,76.8.213.231,"[[97, 75, 190], [97, 75, 188], [66, 219, 235]]",-1.0,-1.0,"[25.257, 25.878, 26.276, 26.55, 26.628]"
461,76.8.213.231,"[[97, 75, 190], [97, 75, 188], [66, 219, 235]]",-1.0,-1.0,"[25.242, 25.928, 26.292, 26.529, 26.588]"
462,76.8.213.231,"[[97, 75, 190], [97, 75, 188], [66, 219, 235]]",-1.0,-1.0,"[25.395, 25.916, 26.508, 27.176, 26.643]"
463,76.8.213.231,"[[97, 75, 190], [97, 75, 188], [66, 219, 235]]",-1.0,-1.0,"[24.959, 26.406, 26.367, 26.57, 26.652]"
464,76.8.213.231,"[[97, 75, 190], [97, 75, 188], [66, 219, 235]]",-1.0,-1.0,"[25.197, 32.3, 30.922, 26.608, 26.741]"
465,76.8.213.231,"[[97, 75, 190], [97, 75, 188], [66, 219, 235]]",-1.0,-1.0,"[25.01, 26.015, 26.329, 26.955, 26.534]"
466,76.8.213.231,"[[97, 75, 190], [97, 75, 188], [66, 219, 235]]",-1.0,-1.0,"[25.111, 26.254, 26.252, 27.9, 26.524]"
467,76.8.213.231,"[[97, 75, 190], [97, 75, 188], [66, 219, 235]]",-1.0,-1.0,"[25.38, 25.855, 26.478, 26.869, 26.566]"
468,76.8.213.231,"[[97, 75, 190], [97, 75, 188], [66, 219, 235]]",-1.0,-1.0,"[25.192, 26.033, 26.284, 26.949, 26.795]"
469,76.8.213.231,"[[97, 75, 190], [97, 75, 188], [66, 219, 235]]",-1.0,-1.0,"[25.163, 25.832, 26.326, 26.479, 26.563]"
470,76.8.213.231,"[[97, 75, 190], [97, 75, 188], [66, 219, 235]]",-1.0,-1.0,"[25.462, 26.053, 26.53, 26.789, 26.658]"
471,76.8.213.231,"[[97, 75, 190], [97, 75, 188], [66, 219, 235]]",-1.0,-1.0,"[25.343, 25.862, 27.8, 26.545, 26.633]"
472,76.8.213.231,"[[97, 75, 190], [97, 75, 188], [66, 219, 235]]",-1.0,-1.0,"[25.243, 25.905, 26.292, 28.138, 26.741]"
473,76.8.213.231,"[[97, 75, 190], [97, 75, 188], [66, 219, 235]]",-1.0,-1.0,"[25.142, 25.904, 26.552, 26.697, 26.546]"
474,76.8.213.231,"[[97, 75, 190], [97, 75, 188], [66, 219, 235]]",-1.0,-1.0,"[25.157, 26.128, 26.308, 26.712, 26.558]"
475,76.8.213.231,"[[97, 75, 190], [97, 75, 188], [66, 219, 235]]",-1.0,-1.0,"[25.273, 26.112, 26.449, 26.898, 26.691]"
476,76.8.213.231,"[[97, 75, 190], [97, 75, 188], [66, 219, 235]]",-1.0,-1.0,"[25.023, 25.938, 27.518, 26.745, 26.537]"
477,76.8.213.231,"[[97, 75, 190], [97, 75, 188], [66, 219, 235]]",-1.0,-1.0,"[25.076, 25.968, 26.4, 26.71, 26.583]"
478,76.8.213.231,"[[97, 75, 190], [97, 75, 188], [66, 219, 235]]",-1.0,-1.0,"[25.4, 25.971, 26.329, 47.887, 26.474]"
479,76.8.213.231,"[[97, 75, 190], [97, 75, 188], [66, 219, 235]]",-1.0,-1.0,"[25.24, 25.911, 27.378, 26.797, 26.595]"
480,76.8.213.231,"[[97, 75, 190], [97, 75, 188], [66, 219, 235]]",-1.0,-1.0,"[25.13, 25.92, 26.382, 26.86, 26.664]"
481,76.8.213.231,"[[97, 75, 190], [97, 75, 188], [66, 219, 235]]",-1.0,-1.0,"[42.62, 30.501, 30.495, 30.491, 30.487]"
482,76.8.213.231,"[[97, 75, 190], [97, 75, 188], [66, 219, 235]]",-1.0,-1.0,"[25.215, 43.6, 26.442, 26.585, 26.657]"
483,76.8.213.231,"[[97, 75, 190], [97, 75, 188], [66, 219, 235]]",-1.0,-1.0,"[25.177, 26.047, 26.491, 26.828, 26.591]"
484,76.8.213.231,"[[97, 75, 190], [97, 75, 188], [66, 219, 235]]",-1.0,-1.0,"[25.352, 25.836, 27.446, 26.56, 26.683]"
485,76.8.213.231,"[[97, 75, 190], [97, 75, 188], [66, 219, 235]]",-1.0,-1.0,"[25.052, 27.183, 26.318, 26.579, 26.549]"
486,76.8.213.231,"[[97, 75, 190], [97, 75, 188], [66, 219, 235]]",-1.0,-1.0,"[25.161, 25.825, 26.237, 26.603, 26.669]"
487,76.8.213.231,"[[97, 75, 190], [97, 75, 188], [66, 219, 235]]",-1.0,-1.0,"[25.356, 25.94, 26.389, 26.649, 26.777]"
488,76.8.213.231,"[[97, 75, 190], [97, 75, 188], [66, 219, 235]]",-1.0,-1.0,"[25.248, 25.924, 26.283, 26.607, 26.504]"
489,76.8.213.231,"[[97, 75, 190], [97, 75, 188], [66, 219, 235]]",-1.0,-1.0,"[25.021, 25.877, 26.311, 27.575, 26.613]"
490,76.8.213.231,"[[97, 75, 190], [97, 75, 188], [66, 219, 235]]",-1.0,-1.0,"[25.246, 26.034, 26.321, 26.765, 26.687]"
491,76.8.213.231,"[[97, 75, 190], [97, 75, 188], [66, 219, 235]]",-1.0,-1.0,"[25.444, 26.439, 26.436, 26.716, 26.644]"
492,76.8.213.231,"[[97, 75, 190], [97, 75, 188], [66, 219, 235]]",-1.0,-1.0,"[26.171, 26.425, 26.564, 26.878, 26.709]"
493,76.8.213.231,"[[97, 75, 190], [97, 75, 188], [66, 219, 235]]",-1.0,-1.0,"[25.238, 25.899, 26.271, 26.858, 26.693]"
494,76.8.213.231,"[[97, 75, 190], [97, 75, 188], [66, 219, 235]]",-1.0,-1.0,"[25.339, 26.128, 26.397, 26.763, 26.658]"
495,76.8.213.231,"[[97, 75, 190], [97, 75, 188], [66, 219, 235]]",-1.0,-1.0,"[25.114, 25.867, 26.485, 26.593, 26.524]"
496,76.8.213.231,"[[97, 75, 190], [97, 75, 188], [66, 219, 235]]",-1.0,-1.0,"[24.913, 26.014, 26.319, 26.393, 26.55]"
497,76.8.213.231,"[[97, 75, 190], [97, 75, 188], [66, 219, 235]]",-1.0,-1.0,"[25.04, 25.846, 27.189, 26.801, 26.659]"
498,76.8.213.231,"[[97, 75, 190], [97, 75, 188], [66, 219, 235]]",-1.0,-1.0,"[25.149, 25.914, 26.397, 27.164, 26.624]"
499,76.8.213.231,"[[97, 75, 190], [97, 75, 188], [66, 219, 235]]",-1.0,-1.0,"[25.312, 25.994, 26.303, 26.511, 26.647]"
500,76.8.213.231,"[[97, 75, 190], [97, 75, 188], [66, 219, 235]]",-1.0,-1.0,"[25.246, 25.934, 26.475, 26.508, 26.591]"
501,76.8.213.231,"[[97, 75, 190], [97, 75, 188], [66, 219, 235]]",-1.0,-1.0,"[25.278, 25.871, 26.418, 49.922, 26.539]"
502,76.8.213.231,"[[97, 75, 190], [97, 75, 188], [66, 219, 235]]",-1.0,-1.0,"[25.153, 25.842, 26.656, 26.862, 26.649]"
503,76.8.213.231,"[[97, 75, 190], [97, 75, 188], [66, 219, 235]]",-1.0,-1.0,"[25.07, 25.845, 26.342, 28.001, 26.595]"
504,76.8.213.231,"[[97, 75, 190], [97, 75, 188], [66, 219, 235]]",-1.0,-1.0,"[26.271, 26.198, 26.395, 26.474, 26.557]"
505,76.8.213.231,"[[97, 75, 190], [97, 75, 188], [66, 219, 235]]",-1.0,-1.0,"[25.17, 25.977, 26.299, 26.492, 26.618]"
506,76.8.213.231,"[[97, 75, 190], [97, 75, 188], [66, 219, 235]]",-1.0,-1.0,"[25.073, 26.154, 26.357, 26.489, 26.564]"
507,76.8.213.231,"[[97, 75, 190], [97, 75, 188], [66, 219, 235]]",-1.0,-1.0,"[24.979, 25.867, 28.488, 26.485, 26.567]"
508,76.8.213.231,"[[97, 75, 190], [97, 75, 188], [66, 219, 235]]",-1.0,-1.0,"[25.246, 25.909, 26.407, 26.517, 26.589]"
509,76.8.213.231,"[[97, 75, 190], [97, 75, 188], [66, 219, 235]]",-1.0,-1.0,"[25.195, 25.79, 26.53, 26.57, 26.737]"
510,76.8.213.231,"[[97, 75, 190], [97, 75, 188], [66, 219, 235]]",-1.0,-1.0,"[25.295, 25.954, 26.296, 26.997, 26.606]"
511,76.8.213.231,"[[97, 75, 190], [97, 75, 188], [66, 219, 235]]",-1.0,-1.0,"[25.195, 26.096, 26.288, 26.568, 26.691]"
512,76.8.213.231,"[[97, 75, 190], [97, 75, 188], [66, 219, 235]]",-1.0,-1.0,"[25.099, 25.911, 26.518, 35.367, 26.64]"
513,76.8.213.231,"[[97, 75, 190], [97, 75, 188], [66, 219, 235]]",-1.0,-1.0,"[25.136, 26.165, 26.558, 26.653, 26.577]"
514,76.8.213.231,"[[97, 75, 190], [97, 75, 188], [66, 219, 235]]",-1.0,-1.0,"[25.122, 27.742, 26.361, 26.52, 26.602]"
515,76.8.213.231,"[[97, 75, 190], [97, 75, 188], [66, 219, 235]]",-1.0,-1.0,"[25.271, 26.235, 26.535, 29.542, 26.598]"
516,76.8.213.231,"[[97, 75, 190], [97, 75, 188], [66, 219, 235]]",-1.0,-1.0,"[25.105, 25.868, 26.293, 26.676, 26.586]"
517,76.8.213.231,"[[97, 75, 190], [97, 75, 188], [66, 219, 235]]",-1.0,-1.0,"[25.244, 26.102, 26.333, 26.551, 26.629]"
518,76.8.213.231,"[[97, 75, 190], [97, 75, 188], [66, 219, 235]]",-1.0,-1.0,"[25.244, 26.006, 26.466, 26.718, 26.662]"
519,76.8.213.231,"[[97, 75, 190], [97, 75, 188], [66, 219, 235]]",-1.0,-1.0,"[25.102, 26.014, 26.482, 26.71, 26.561]"
520,76.8.213.231,"[[97, 75, 190], [97, 75, 188], [66, 219, 235]]",-1.0,-1.0,"[25.304, 25.889, 26.408, 26.654, 26.57]"
521,76.8.213.231,"[[97, 75, 190], [97, 75, 188], [66, 219, 235]]",-1.0,-1.0,"[30.901, 30.898, 30.894, 30.89, 30.887]"
522,76.8.213.231,"[[97, 75, 190], [97, 75, 188], [66, 219, 235]]",-1.0,-1.0,"[25.383, 26.023, 26.359, 26.566, 26.877]"
523,76.8.213.231,"[[97, 75, 190], [97, 75, 188], [66, 219, 235]]",-1.0,-1.0,"[25.261, 31.644, 26.318, 26.584, 26.524]"
524,76.8.213.231,"[[97, 75, 190], [97, 75, 188], [66, 219, 235]]",-1.0,-1.0,"[25.265, 26.0, 26.398, 26.758, 26.626]"
525,76.8.213.231,"[[97, 75, 190], [97, 75, 188], [66, 219, 235]]",-1.0,-1.0,"[25.134, 26.03, 26.63, 26.743, 26.625]"
526,76.8.213.231,"[[97, 75, 190], [97, 75, 188], [66, 219, 235]]",-1.0,-1.0,"[25.045, 25.874, 26.3, 27.451, 26.532]"
527,76.8.213.231,"[[97, 75, 190], [97, 75, 188], [66, 219, 235]]",-1.0,-1.0,"[25.091, 25.883, 26.383, 26.502, 26.59]"
528,76.8.213.231,"[[97, 75, 190], [97, 75, 188], [66, 219, 235]]",-1.0,-1.0,"[25.122, 25.88, 26.592, 26.528, 26.587]"
529,76.8.213.231,"[[97, 75, 190], [97, 75, 188], [66, 219, 235]]",-1.0,-1.0,"[25.086, 25.863, 41.246, 26.658, 26.809]"
530,76.8.213.231,"[[97, 75, 190], [97, 75, 188], [66, 219, 235]]",-1.0,-1.0,"[25.208, 25.972, 26.404, 26.581, 26.674]"
531,76.8.213.231,"[[97, 75, 190], [97, 75, 188], [66, 219, 235]]",-1.0,-1.0,"[25.192, 32.742, 32.74, 32.737, 32.732]"
532,76.8.213.231,"[[97, 75, 190], [97, 75, 188], [66, 219, 235]]",-1.0,-1.0,"[25.138, 25.992, 44.744, 26.532, 26.608]"
533,76.8.213.231,"[[97, 75, 190], [97, 75, 188], [66, 219, 235]]",-1.0,-1.0,"[25.139, 26.106, 26.535, 26.478, 26.563]"
534,76.8.213.231,"[[97, 75, 190], [97, 75, 188], [66, 219, 235]]",-1.0,-1.0,"[25.288, 25.928, 26.346, 26.779, 26.687]"
535,76.8.213.231,"[[97, 75, 190], [97, 75, 188], [66, 219, 235]]",-1.0,-1.0,"[25.356, 25.997, 26.318, 26.688, 26.619]"
536,76.8.213.231,"[[97, 75, 190], [97, 75, 188], [66, 219, 235]]",-1.0,-1.0,"[25.621, 26.23, 26.24, 27.443, 26.484]"
537,76.8.213.231,"[[97, 75, 190], [97, 75, 188], [66, 219, 235]]",-1.0,-1.0,"[25.312, 27.076, 26.694, 26.692, 26.742]"
538,76.8.213.231,"[[97, 75, 190], [97, 75, 188], [66, 219, 235]]",-1.0,-1.0,"[25.412, 47.947, 26.314, 26.526, 26.586]"
539,76.8.213.231,"[[97, 75, 190], [97, 75, 188], [66, 219, 235]]",-1.0,-1.0,"[28.759, 28.755, 28.747, 28.74, 28.737]"
540,76.8.213.231,"[[97, 75, 190], [97, 75, 188], [66, 219, 235]]",-1.0,-1.0,"[24.987, 25.972, 26.296, 26.508, 26.58]"
541,76.8.213.231,"[[97, 75, 190], [97, 75, 188], [66, 219, 235]]",-1.0,-1.0,"[24.962, 25.944, 26.332, 26.572, 26.494]"
542,76.8.213.231,"[[97, 75, 190], [97, 75, 188], [66, 219, 235]]",-1.0,-1.0,"[65.596, 26.467, 26.492, 26.694, 27.074]"
543,76.8.213.231,"[[97, 75, 190], [97, 75, 188], [66, 219, 235]]",-1.0,-1.0,"[25.089, 27.344, 26.318, 26.554, 26.484]"
544,76.8.213.231,"[[97, 75, 190], [97, 75, 188], [66, 219, 235]]",-1.0,-1.0,"[25.222, 25.971, 26.403, 26.755, 26.652]"
545,76.8.213.231,"[[97, 75, 190], [97, 75, 188], [66, 219, 235]]",-1.0,-1.0,"[25.199, 25.961, 26.346, 27.035, 26.653]"
546,76.8.213.231,"[[97, 75, 190], [97, 75, 188], [66, 219, 235]]",-1.0,-1.0,"[25.266, 26.173, 26.502, 26.598, 26.494]"
547,76.8.213.231,"[[97, 75, 190], [97, 75, 188], [66, 219, 235]]",-1.0,-1.0,"[25.316, 26.194, 26.368, 58.396, 26.53]"
548,76.8.213.231,"[[97, 75, 190], [97, 75, 188], [66, 219, 235]]",-1.0,-1.0,"[25.066, 25.981, 26.323, 26.676, 26.542]"
549,76.8.213.231,"[[97, 75, 190], [97, 75, 188], [66, 219, 235]]",-1.0,-1.0,"[25.183, 25.858, 26.375, 27.335, 26.535]"
550,76.8.213.231,"[[97, 75, 190], [97, 75, 188], [66, 219, 235]]",-1.0,-1.0,"[25.254, 26.237, 26.282, 26.682, 26.555]"
551,76.8.213.231,"[[97, 75, 190], [97, 75, 188], [66, 219, 235]]",-1.0,-1.0,"[27.4, 26.049, 26.317, 27.109, 26.541]"
552,76.8.213.231,"[[97, 75, 190], [97, 75, 188], [66, 219, 235]]",-1.0,-1.0,"[25.115, 25.865, 27.428, 26.73, 26.586]"
553,76.8.213.231,"[[97, 75, 190], [97, 75, 188], [66, 219, 235]]",-1.0,-1.0,"[26.035, 26.143, 26.283, 26.939, 26.544]"
554,76.8.213.231,"[[97, 75, 190], [97, 75, 188], [66, 219, 235]]",-1.0,-1.0,"[25.127, 26.841, 26.57, 26.733, 26.637]"
555,76.8.213.231,"[[97, 75, 190], [97, 75, 188], [66, 219, 235]]",-1.0,-1.0,"[25.347, 36.612, 26.45, 26.702, 26.621]"
556,76.8.213.231,"[[97, 75, 190], [97, 75, 188], [66, 219, 235]]",-1.0,-1.0,"[25.142, 25.823, 26.265, 26.715, 26.528]"
557,76.8.213.231,"[[97, 75, 190], [97, 75, 188], [66, 219, 235]]",-1.0,-1.0,"[26.001, 25.997, 28.86, 28.856, 28.853]"
558,76.8.213.231,"[[97, 75, 190], [97, 75, 188], [66, 219, 235]]",-1.0,-1.0,"[25.095, 25.904, 26.432, 26.661, 26.484]"
559,76.8.213.231,"[[97, 75, 190], [97, 75, 188], [66, 219, 235]]",-1.0,-1.0,"[25.223, 25.923, 26.48, 27.338, 26.819]"
560,76.8.213.231,"[[97, 75, 190], [97, 75, 188], [66, 219, 235]]",-1.0,-1.0,"[25.221, 25.829, 26.326, 35.019, 26.531]"
561,76.8.213.231,"[[97, 75, 190], [97, 75, 188], [66, 219, 235]]",-1.0,-1.0,"[25.282, 25.921, 26.449, 41.807, 26.651]"
562,76.8.213.231,"[[97, 75, 190], [97, 75, 188], [66, 219, 235]]",-1.0,-1.0,"[25.066, 25.899, 26.326, 26.61, 26.799]"
563,76.8.213.231,"[[97, 75, 190], [97, 75, 188], [66, 219, 235]]",-1.0,-1.0,"[25.275, 26.025, 26.732, 26.872, 26.649]"
564,76.8.213.231,"[[97, 75, 190], [97, 75, 188], [66, 219, 235]]",-1.0,-1.0,"[25.192, 25.907, 26.518, 26.818, 26.588]"
565,76.8.213.231,"[[97, 75, 190], [97, 75, 188], [66, 219, 235]]",-1.0,-1.0,"[25.071, 25.867, 26.271, 26.754, 26.655]"
566,76.8.213.231,"[[97, 75, 190], [97, 75, 188], [66, 219, 235]]",-1.0,-1.0,"[29.655, 26.569, 26.565, 26.736, 26.558]"
567,76.8.213.231,"[[97, 75, 190], [97, 75, 188], [66, 219, 235]]",-1.0,-1.0,"[25.912, 25.92, 26.497, 28.453, 26.59]"
568,76.8.213.231,"[[97, 75, 190], [97, 75, 188], [66, 219, 235]]",-1.0,-1.0,"[25.07, 27.671, 26.366, 26.726, 26.547]"
569,76.8.213.231,"[[97, 75, 190], [97, 75, 188], [66, 219, 235]]",-1.0,-1.0,"[25.245, 51.719, 26.536, 26.782, 26.575]"
570,76.8.213.231,"[[97, 75, 190], [97, 75, 188], [66, 219, 235]]",-1.0,-1.0,"[25.323, 25.791, 26.249, 26.654, 26.451]"
571,76.8.213.231,"[[97, 75, 190], [97, 75, 188], [66, 219, 235]]",-1.0,-1.0,"[25.28, 25.889, 26.221, 28.635, 26.496]"
572,76.8.213.231,"[[97, 75, 190], [97, 75, 188], [66, 219, 235]]",-1.0,-1.0,"[26.24, 26.092, 26.293, 26.481, 26.556]"
573,76.8.213.231,"[[97, 75, 190], [97, 75, 188], [66, 219, 235]]",-1.0,-1.0,"[25.086, 25.889, 26.58, 27.501, 26.535]"
574,76.8.213.231,"[[97, 75, 190], [97, 75, 188], [66, 219, 235]]",-1.0,-1.0,"[24.912, 31.012, 26.499, 26.644, 26.706]"
575,76.8.213.231,"[[97, 75, 190], [97, 75, 188], [66, 219, 235]]",-1.0,-1.0,"[28.46, 28.455, 28.452, 28.448, 28.478]"
576,76.8.213.231,"[[97, 75, 190], [97, 75, 188], [66, 219, 235]]",-1.0,-1.0,"[25.289, 25.834, 26.336, 26.453, 26.515]"
577,76.8.213.231,"[[97, 75, 190], [97, 75, 188], [66, 219, 235]]",-1.0,-1.0,"[25.23, 25.963, 26.479, 26.491, 26.762]"
578,76.8.213.231,"[[97, 75, 190], [97, 75, 188], [66, 219, 235]]",-1.0,-1.0,"[25.193, 26.096, 27.709, 26.473, 26.546]"
579,76.8.213.231,"[[97, 75, 190], [97, 75, 188], [66, 219, 235]]",-1.0,-1.0,"[25.345, 25.86, 26.324, 26.512, 26.608]"
580,76.8.213.231,"[[97, 75, 190], [97, 75, 188], [66, 219, 235]]",-1.0,-1.0,"[24.99, 26.007, 26.307, 26.518, 26.692]"
581,76.8.213.231,"[[97, 75, 190], [97, 75, 188], [66, 219, 235]]",-1.0,-1.0,"[25.404, 35.274, 35.27, 35.269, 35.266]"
582,76.8.213.231,"[[97, 75, 190], [97, 75, 188], [66, 219, 235]]",-1.0,-1.0,"[25.025, 25.905, 26.377, 27.113, 26.619]"
583,76.8.213.231,"[[97, 75, 190], [97, 75, 188], [66, 219, 235]]",-1.0,-1.0,"[25.042, 25.898, 26.552, 26.685, 26.629]"
584,76.8.213.231,"[[97, 75, 190], [97, 75, 188], [66, 219, 235]]",-1.0,-1.0,"[26.296, 27.586, 26.49, 26.686, 26.577]"
585,76.8.213.231,"[[97, 75, 190], [97, 75, 188], [66, 219, 235]]",-1.0,-1.0,"[26.487, 26.359, 26.356, 26.828, 26.555]"
586,76.8.213.231,"[[97, 75, 190], [97, 75, 188], [66, 219, 235]]",-1.0,-1.0,"[25.191, 25.883, 26.498, 26.776, 26.64]"
587,76.8.213.231,"[[97, 75, 190], [97, 75, 188], [66, 219, 235]]",-1.0,-1.0,"[25.115, 25.911, 26.397, 26.844, 26.571]"
588,76.8.213.231,"[[97, 75, 190], [97, 75, 188], [66, 219, 235]]",-1.0,-1.0,"[26.182, 26.132, 26.533, 26.769, 26.6]"
589,76.8.213.231,"[[97, 75, 190], [97, 75, 188], [66, 219, 235]]",-1.0,-1.0,"[25.303, 26.016, 26.302, 26.55, 26.609]"
590,76.8.213.231,"[[97, 75, 190], [97, 75, 188], [66, 219, 235]]",-1.0,-1.0,"[25.022, 25.944, 26.279, 26.443, 26.531]"
591,76.8.213.231,"[[97, 75, 190], [97, 75, 188], [66, 219, 235]]",-1.0,-1.0,"[25.012, 25.95, 26.317, 27.244, 26.524]"
592,76.8.213.231,"[[97, 75, 190], [97, 75, 188], [66, 219, 235]]",-1.0,-1.0,"[27.989, 27.985, 27.981, 27.977, 27.974]"
593,76.8.213.231,"[[97, 75, 190], [97, 75, 188], [66, 219, 235]]",-1.0,-1.0,"[25.126, 26.16, 26.456, 26.479, 26.568]"
594,76.8.213.231,"[[97, 75, 190], [97, 75, 188], [66, 219, 235]]",-1.0,-1.0,"[25.033, 25.943, 26.426, 26.734, 26.553]"
595,76.8.213.231,"[[97, 75, 190], [97, 75, 188], [66, 219, 235]]",-1.0,-1.0,"[25.072, 25.873, 51.436, 27.777, 26.56]"
596,76.8.213.231,"[[97, 75, 190], [97, 75, 188], [66, 219, 235]]",-1.0,-1.0,"[25.16, 26.062, 26.354, 26.435, 26.546]"
597,76.8.213.231,"[[97, 75, 190], [97, 75, 188], [66, 219, 235]]",-1.0,-1.0,"[25.302, 26.067, 26.337, 27.301, 26.63]"
598,76.8.213.231,"[[97, 75, 190], [97, 75, 188], [66, 219, 235]]",-1.0,-1.0,"[26.682, 26.309, 26.323, 26.524, 26.576]"
599,76.8.213.231,"[[97, 75, 190], [97, 75, 188], [66, 219, 235]]",-1.0,-1.0,"[25.097, 39.318, 26.367, 26.701, 26.613]"
600,76.8.213.231,"[[97, 75, 190], [97, 75, 188], [66, 219, 235]]",-1.0,-1.0,"[25.152, 26.087, 26.33, 26.548, 26.618]"
601,76.8.213.231,"[[97, 75, 190], [97, 75, 188], [66, 219, 235]]",-1.0,-1.0,"[25.336, 26.069, 26.433, 26.607, 26.529]"
602,76.8.213.231,"[[97, 75, 190], [97, 75, 188], [66, 219, 235]]",-1.0,-1.0,"[25.322, 25.816, 26.293, 26.547, 26.63]"
603,76.8.213.231,"[[97, 75, 190], [97, 75, 188], [66, 219, 235]]",-1.0,-1.0,"[25.067, 25.893, 26.304, 26.553, 26.637]"
604,76.8.213.231,"[[97, 75, 190], [97, 75, 188], [66, 219, 235]]",-1.0,-1.0,"[27.9, 27.897, 27.894, 27.876, 27.869]"
605,76.8.213.231,"[[97, 75, 190], [97, 75, 188], [66, 219, 235]]",-1.0,-1.0,"[40.674, 26.262, 26.602, 26.862, 26.622]"
606,76.8.213.231,"[[97, 75, 190], [97, 75, 188], [66, 219, 235]]",-1.0,-1.0,"[25.574, 26.0, 26.415, 26.927, 26.71]"
607,76.8.213.231,"[[97, 75, 190], [97, 75, 188], [66, 219, 235]]",-1.0,-1.0,"[25.2, 26.084, 26.347, 26.839, 26.756]"
608,76.8.213.231,"[[97, 75, 190], [97, 75, 188], [66, 219, 235]]",-1.0,-1.0,"[25.106, 26.048, 26.483, 26.798, 26.686]"
609,76.8.213.231,"[[97, 75, 190], [97, 75, 188], [66, 219, 235]]",-1.0,-1.0,"[25.315, 26.087, 26.445, 26.621, 26.728]"
610,76.8.213.231,"[[97, 75, 190], [97, 75, 188], [66, 219, 235]]",-1.0,-1.0,"[25.132, 25.823, 26.343, 26.497, 26.587]"
611,76.8.213.231,"[[97, 75, 190], [97, 75, 188], [66, 219, 235]]",-1.0,-1.0,"[25.21, 25.922, 26.394, 26.641, 26.74]"
612,76.8.213.231,"[[97, 75, 190], [97, 75, 188], [66, 219, 235]]",-1.0,-1.0,"[25.241, 25.948, 26.447, 26.751, 26.658]"
613,76.8.213.231,"[[97, 75, 190], [97, 75, 188], [66, 219, 235]]",-1.0,-1.0,"[25.85, 25.97, 26.724, 26.868, 26.718]"
614,76.8.213.231,"[[97, 75, 190], [97, 75, 188], [66, 219, 235]]",-1.0,-1.0,"[25.333, 25.77, 26.421, 26.686, 26.61]"
615,76.8.213.231,"[[97, 75, 190], [97, 75, 188], [66, 219, 235]]",-1.0,-1.0,"[25.189, 42.28, 26.455, 27.15, 26.571]"
616,76.8.213.231,"[[97, 75, 190], [97, 75, 188], [66, 219, 235]]",-1.0,-1.0,"[25.196, 25.863, 26.357, 28.05, 26.577]"
617,76.8.213.231,"[[97, 75, 190], [97, 75, 188], [66, 219, 235]]",-1.0,-1.0,"[25.148, 25.995, 26.728, 26.674, 27.853]"
618,76.8.213.231,"[[97, 75, 190], [97, 75, 188], [66, 219, 235]]",-1.0,-1.0,"[25.237, 25.919, 26.324, 26.542, 26.617]"
619,76.8.213.231,"[[97, 75, 190], [97, 75, 188], [66, 219, 235]]",-1.0,-1.0,"[25.176, 26.109, 26.411, 26.79, 26.922]"
620,76.8.213.231,"[[97, 75, 190], [97, 75, 188], [66, 219, 235]]",-1.0,-1.0,"[25.123, 25.814, 26.284, 26.455, 26.572]"
621,76.8.213.231,"[[97, 75, 190], [97, 75, 188], [66, 219, 235]]",-1.0,-1.0,"[25.009, 25.84, 26.563, 26.656, 26.558]"
622,76.8.213.231,"[[97, 75, 190], [97, 75, 188], [66, 219, 235]]",-1.0,-1.0,"[25.997, 26.029, 26.441, 26.669, 26.535]"
623,76.8.213.231,"[[97, 75, 190], [97, 75, 188], [66, 219, 235]]",-1.0,-1.0,"[25.26, 25.904, 26.281, 26.656, 26.579]"
624,76.8.213.231,"[[97, 75, 190], [97, 75, 188], [66, 219, 235]]",-1.0,-1.0,"[26.787, 26.641, 26.639, 26.636, 26.777]"
625,76.8.213.231,"[[97, 75, 190], [97, 75, 188], [66, 219, 235]]",-1.0,-1.0,"[25.108, 26.091, 26.361, 26.652, 26.555]"
626,76.8.213.231,"[[97, 75, 190], [97, 75, 188], [66, 219, 235]]",-1.0,-1.0,"[25.391, 26.007, 26.607, 27.125, 26.571]"
627,76.8.213.231,"[[97, 75, 190], [97, 75, 188], [66, 219, 235]]",-1.0,-1.0,"[25.272, 26.134, 26.289, 26.6, 26.662]"
628,76.8.213.231,"[[97, 75, 190], [97, 75, 188], [66, 219, 235]]",-1.0,-1.0,"[25.111, 44.196, 26.235, 26.49, 26.576]"
629,76.8.213.231,"[[97, 75, 190], [97, 75, 188], [66, 219, 235]]",-1.0,-1.0,"[25.135, 25.834, 26.369, 26.555, 26.606]"
630,76.8.213.231,"[[97, 75, 190], [97, 75, 188], [66, 219, 235]]",-1.0,-1.0,"[25.019, 26.074, 26.446, 26.592, 26.679]"
631,76.8.213.231,"[[97, 75, 190], [97, 75, 188], [66, 219, 235]]",-1.0,-1.0,"[25.805, 26.072, 26.428, 29.944, 26.615]"
632,76.8.213.231,"[[97, 75, 190], [97, 75, 188], [66, 219, 235]]",-1.0,-1.0,"[25.376, 25.781, 26.416, 28.247, 26.638]"
633,76.8.213.231,"[[97, 75, 190], [97, 75, 188], [66, 219, 235]]",-1.0,-1.0,"[25.08, 25.896, 26.318, 26.884, 26.612]"
634,76.8.213.231,"[[97, 75, 190], [97, 75, 188], [66, 219, 235]]",-1.0,-1.0,"[25.062, 25.836, 26.346, 26.526, 26.598]"
635,76.8.213.231,"[[97, 75, 190], [97, 75, 188], [66, 219, 235]]",-1.0,-1.0,"[25.22, 25.82, 26.392, 26.552, 26.625]"
636,76.8.213.231,"[[97, 75, 190], [97, 75, 188], [66, 219, 235]]",-1.0,-1.0,"[25.958, 25.978, 26.534, 26.532, 26.589]"
637,76.8.213.231,"[[97, 75, 190], [97, 75, 188], [66, 219, 235]]",-1.0,-1.0,"[25.077, 25.952, 26.381, 26.498, 26.671]"
638,76.8.213.231,"[[97, 75, 190], [97, 75, 188], [66, 219, 235]]",-1.0,-1.0,"[27.602, 26.289, 26.405, 26.731, 26.617]"
639,76.8.213.231,"[[97, 75, 190], [97, 75, 188], [66, 219, 235]]",-1.0,-1.0,"[29.872, 26.085, 26.432, 26.429, 26.635]"
640,76.8.213.231,"[[97, 75, 190], [97, 75, 188], [66, 219, 235]]",-1.0,-1.0,"[29.084, 29.081, 29.078, 29.076, 29.115]"
641,76.8.213.231,"[[97, 75, 190], [97, 75, 188], [66, 219, 235]]",-1.0,-1.0,"[25.515, 33.757, 26.702, 26.714, 26.797]"
642,76.8.213.231,"[[97, 75, 190], [97, 75, 188], [66, 219, 235]]",-1.0,-1.0,"[25.229, 26.109, 26.401, 26.821, 26.648]"
643,76.8.213.231,"[[97, 75, 190], [97, 75, 188], [66, 219, 235]]",-1.0,-1.0,"[25.229, 25.958, 65.595, 26.544, 26.626]"
644,76.8.213.231,"[[97, 75, 190], [97, 75, 188], [66, 219, 235]]",-1.0,-1.0,"[25.228, 26.048, 26.465, 27.93, 26.646]"
645,76.8.213.231,"[[97, 75, 190], [97, 75, 188], [66, 219, 235]]",-1.0,-1.0,"[25.279, 25.974, 26.42, 26.558, 26.662]"
646,76.8.213.231,"[[97, 75, 190], [97, 75, 188], [66, 219, 235]]",-1.0,-1.0,"[25.059, 25.839, 26.368, 26.678, 26.56]"
647,76.8.213.231,"[[97, 75, 190], [97, 75, 188], [66, 219, 235]]",-1.0,-1.0,"[25.129, 26.459, 26.372, 26.601, 26.731]"
648,76.8.213.231,"[[97, 75, 190], [97, 75, 188], [66, 219, 235]]",-1.0,-1.0,"[25.344, 28.394, 26.454, 26.681, 26.812]"
649,76.8.213.231,"[[97, 75, 190], [97, 75, 188], [66, 219, 235]]",-1.0,-1.0,"[25.316, 27.771, 26.514, 26.809, 26.587]"
650,76.8.213.231,"[[97, 75, 190], [97, 75, 188], [66, 219, 235]]",-1.0,-1.0,"[25.811, 25.845, 26.42, 26.848, 26.716]"
651,76.8.213.231,"[[97, 75, 190], [97, 75, 188], [66, 219, 235]]",-1.0,-1.0,"[25.241, 25.858, 26.27, 26.711, 26.548]"
652,76.8.213.231,"[[97, 75, 190], [97, 75, 188], [66, 219, 235]]",-1.0,-1.0,"[26.763, 26.602, 26.599, 34.012, 26.677]"
653,76.8.213.231,"[[97, 75, 190], [97, 75, 188], [66, 219, 235]]",-1.0,-1.0,"[25.723, 25.915, 38.289, 28.071, 26.64]"
654,76.8.213.231,"[[97, 75, 190], [97, 75, 188], [66, 219, 235]]",-1.0,-1.0,"[25.275, 25.907, 26.273, 26.589, 26.656]"
655,76.8.213.231,"[[97, 75, 190], [97, 75, 188], [66, 219, 235]]",-1.0,-1.0,"[25.072, 26.164, 26.299, 26.601, 26.793]"
656,76.8.213.231,"[[97, 75, 190], [97, 75, 188], [66, 219, 235]]",-1.0,-1.0,"[25.221, 26.149, 26.513, 26.672, 26.588]"
657,76.8.213.231,"[[97, 75, 190], [97, 75, 188], [66, 219, 235]]",-1.0,-1.0,"[25.058, 25.855, 26.395, 26.51, 27.263]"
658,76.8.213.231,"[[97, 75, 190], [97, 75, 188], [66, 219, 235]]",-1.0,-1.0,"[25.188, 25.903, 26.452, 27.375, 26.622]"
659,76.8.213.231,"[[97, 75, 190], [97, 75, 188], [66, 219, 235]]",-1.0,-1.0,"[25.445, 25.907, 26.38, 26.516, 26.615]"
660,76.8.213.231,"[[97, 75, 190], [97, 75, 188], [66, 219, 235]]",-1.0,-1.0,"[25.385, 25.88, 26.418, 26.793, 26.578]"
661,76.8.213.231,"[[97, 75, 190], [97, 75, 188], [66, 219, 235]]",-1.0,-1.0,"[25.24, 26.128, 26.406, 26.604, 26.735]"
662,76.8.213.231,"[[97, 75, 190], [97, 75, 188], [66, 219, 235]]",-1.0,-1.0,"[25.565, 31.739, 31.737, 31.735, 31.732]"
663,76.8.213.231,"[[97, 75, 190], [97, 75, 188], [66, 219, 235]]",-1.0,-1.0,"[25.265, 25.918, 26.295, 26.534, 26.583]"
664,76.8.213.231,"[[97, 75, 190], [97, 75, 188], [66, 219, 235]]",-1.0,-1.0,"[30.332, 26.247, 26.404, 26.533, 26.603]"
665,76.8.213.231,"[[97, 75, 190], [97, 75, 188], [66, 219, 235]]",-1.0,-1.0,"[25.097, 26.012, 26.335, 26.573, 26.656]"
666,76.8.213.231,"[[97, 75, 190], [97, 75, 188], [66, 219, 235]]",-1.0,-1.0,"[25.199, 25.828, 26.407, 26.81, 26.742]"
667,76.8.213.231,"[[97, 75, 190], [97, 75, 188], [66, 219, 235]]",-1.0,-1.0,"[25.202, 25.936, 26.32, 26.766, 26.605]"
668,76.8.213.231,"[[97, 75, 190], [97, 75, 188], [66, 219, 235]]",-1.0,-1.0,"[25.215, 25.847, 26.457, 26.728, 26.66]"
669,76.8.213.231,"[[97, 75, 190], [97, 75, 188], [66, 219, 235]]",-1.0,-1.0,"[25.022, 25.963, 26.408, 26.762, 26.582]"
670,76.8.213.231,"[[97, 75, 190], [97, 75, 188], [66, 219, 235]]",-1.0,-1.0,"[25.508, 26.58, 26.462, 26.745, 26.569]"
671,76.8.213.231,"[[97, 75, 190], [97, 75, 188], [66, 219, 235]]",-1.0,-1.0,"[25.35, 25.884, 26.499, 26.651, 26.559]"
672,76.8.213.231,"[[97, 75, 190], [97, 75, 188], [66, 219, 235]]",-1.0,-1.0,"[25.151, 26.171, 26.689, 27.537, 26.597]"
673,76.8.213.231,"[[97, 75, 190], [97, 75, 188], [66, 219, 235]]",-1.0,-1.0,"[25.164, 26.085, 26.387, 35.979, 26.562]"
674,76.8.213.231,"[[97, 75, 190], [97, 75, 188], [66, 219, 235]]",-1.0,-1.0,"[24.973, 25.843, 26.434, 26.489, 26.6]"
675,76.8.213.231,"[[97, 75, 190], [97, 75, 188], [66, 219, 235]]",-1.0,-1.0,"[25.138, 26.01, 26.326, 26.629, 26.541]"
676,76.8.213.231,"[[97, 75, 190], [97, 75, 188], [66, 219, 235]]",-1.0,-1.0,"[25.082, 26.018, 33.756, 26.51, 26.63]"
677,76.8.213.231,"[[97, 75, 190], [97, 75, 188], [66, 219, 235]]",-1.0,-1.0,"[25.164, 25.821, 26.513, 26.51, 26.638]"
678,76.8.213.231,"[[97, 75, 190], [97, 75, 188], [66, 219, 235]]",-1.0,-1.0,"[25.221, 26.126, 26.553, 26.526, 26.593]"
679,76.8.213.231,"[[97, 75, 190], [97, 75, 188], [66, 219, 235]]",-1.0,-1.0,"[25.006, 26.159, 26.429, 27.233, 26.605]"
680,76.8.213.231,"[[97, 75, 190], [97, 75, 188], [66, 219, 235]]",-1.0,-1.0,"[25.147, 26.095, 26.379, 26.822, 26.695]"
681,76.8.213.231,"[[97, 75, 190], [97, 75, 188], [66, 219, 235]]",-1.0,-1.0,"[46.08, 26.311, 27.204, 28.957, 26.55]"
682,76.8.213.231,"[[97, 75, 190], [97, 75, 188], [66, 219, 235]]",-1.0,-1.0,"[25.169, 25.925, 26.269, 26.725, 26.619]"
683,76.8.213.231,"[[97, 75, 190], [97, 75, 188], [66, 219, 235]]",-1.0,-1.0,"[25.182, 61.701, 26.329, 27.354, 26.593]"
684,76.8.213.231,"[[97, 75, 190], [97, 75, 188], [66, 219, 235]]",-1.0,-1.0,"[25.399, 26.039, 26.364, 26.77, 26.585]"
685,76.8.213.231,"[[97, 75, 190], [97, 75, 188], [66, 219, 235]]",-1.0,-1.0,"[26.039, 25.997, 26.412, 26.478, 26.579]"
686,76.8.213.231,"[[97, 75, 190], [97, 75, 188], [66, 219, 235]]",-1.0,-1.0,"[25.094, 26.147, 26.356, 50.64, 26.605]"
687,76.8.213.231,"[[97, 75, 190], [97, 75, 188], [66, 219, 235]]",-1.0,-1.0,"[25.226, 25.863, 51.015, 27.093, 26.628]"
688,76.8.213.231,"[[97, 75, 190], [97, 75, 188], [66, 219, 235]]",-1.0,-1.0,"[26.093, 26.167, 26.353, 26.583, 26.676]"
689,76.8.213.231,"[[97, 75, 190], [97, 75, 188], [66, 219, 235]]",-1.0,-1.0,"[25.132, 25.866, 26.505, 26.502, 26.575]"
690,76.8.213.231,"[[97, 75, 190], [97, 75, 188], [66, 219, 235]]",-1.0,-1.0,"[26.439, 26.048, 26.466, 26.431, 26.527]"
691,76.8.213.231,"[[97, 75, 190], [97, 75, 188], [66, 219, 235]]",-1.0,-1.0,"[25.113, 26.088, 26.335, 26.536, 27.34]"
692,76.8.213.231,"[[97, 75, 190], [97, 75, 188], [66, 219, 235]]",-1.0,-1.0,"[26.227, 26.289, 26.463, 26.62, 26.663]"
693,76.8.213.231,"[[97, 75, 190], [97, 75, 188], [66, 219, 235]]",-1.0,-1.0,"[25.251, 25.887, 26.475, 26.524, 26.605]"
694,76.8.213.231,"[[97, 75, 190], [97, 75, 188], [66, 219, 235]]",-1.0,-1.0,"[25.13, 26.048, 26.218, 32.182, 26.596]"
695,76.8.213.231,"[[97, 75, 190], [97, 75, 188], [66, 219, 235]]",-1.0,-1.0,"[25.149, 25.827, 27.007, 26.495, 26.631]"
696,76.8.213.231,"[[97, 75, 190], [97, 75, 188], [66, 219, 235]]",-1.0,-1.0,"[25.27, 25.955, 26.273, 26.462, 26.55]"
697,76.8.213.231,"[[97, 75, 190], [97, 75, 188], [66, 219, 235]]",-1.0,-1.0,"[25.43, 25.89, 27.375, 26.894, 26.617]"
698,76.8.213.231,"[[97, 75, 190], [97, 75, 188], [66, 219, 235]]",-1.0,-1.0,"[25.235, 27.859, 26.377, 29.618, 26.586]"
699,76.8.213.231,"[[97, 75, 190], [97, 75, 188], [66, 219, 235]]",-1.0,-1.0,"[25.325, 25.853, 26.57, 26.727, 26.656]"
700,76.8.213.231,"[[97, 75, 190], [97, 75, 188], [66, 219, 235]]",-1.0,-1.0,"[24.96, 28.138, 26.549, 26.59, 26.545]"
701,76.8.213.231,"[[97, 75, 190], [97, 75, 188], [66, 219, 235]]",-1.0,-1.0,"[24.967, 25.996, 26.485, 26.804, 26.666]"
702,76.8.213.231,"[[97, 75, 190], [97, 75, 188], [66, 219, 235]]",-1.0,-1.0,"[25.144, 26.119, 30.159, 27.774, 26.664]"
703,76.8.213.231,"[[97, 75, 190], [97, 75, 188], [66, 219, 235]]",-1.0,-1.0,"[24.997, 25.872, 26.499, 26.709, 26.612]"
704,76.8.213.231,"[[97, 75, 190], [97, 75, 188], [66, 219, 235]]",-1.0,-1.0,"[25.12, 25.943, 26.47, 26.794, 26.604]"
705,76.8.213.231,"[[97, 75, 190], [97, 75, 188], [66, 219, 235]]",-1.0,-1.0,"[25.08, 25.996, 28.014, 26.762, 26.553]"
706,76.8.213.231,"[[97, 75, 190], [97, 75, 188], [66, 219, 235]]",-1.0,-1.0,"[25.251, 25.911, 26.329, 26.894, 26.573]"
707,76.8.213.231,"[[97, 75, 190], [97, 75, 188], [66, 219, 235]]",-1.0,-1.0,"[25.356, 26.171, 26.247, 26.818, 26.618]"
708,76.8.213.231,"[[97, 75, 190], [97, 75, 188], [66, 219, 235]]",-1.0,-1.0,"[25.328, 26.108, 26.659, 26.78, 26.605]"
709,76.8.213.231,"[[97, 75, 190], [97, 75, 188], [66, 219, 235]]",-1.0,-1.0,"[26.704, 26.273, 26.304, 27.087, 26.607]"
710,76.8.213.231,"[[97, 75, 190], [97, 75, 188], [66, 219, 235]]",-1.0,-1.0,"[25.128, 28.553, 26.313, 26.511, 26.583]"
711,76.8.213.231,"[[97, 75, 190], [97, 75, 188], [66, 219, 235]]",-1.0,-1.0,"[25.126, 26.001, 26.356, 27.752, 26.692]"
712,76.8.213.231,"[[97, 75, 190], [97, 75, 188], [66, 219, 235]]",-1.0,-1.0,"[25.206, 45.567, 26.388, 41.858, 26.648]"
713,76.8.213.231,"[[97, 75, 190], [97, 75, 188], [66, 219, 235]]",-1.0,-1.0,"[25.173, 25.957, 26.423, 26.503, 26.634]"
714,76.8.213.231,"[[97, 75, 190], [97, 75, 188], [66, 219, 235]]",-1.0,-1.0,"[25.142, 25.972, 26.526, 26.505, 26.638]"
715,76.8.213.231,"[[97, 75, 190], [97, 75, 188], [66, 219, 235]]",-1.0,-1.0,"[25.278, 25.951, 26.347, 27.7, 26.666]"
716,76.8.213.231,"[[97, 75, 190], [97, 75, 188], [66, 219, 235]]",-1.0,-1.0,"[25.261, 25.917, 26.384, 26.646, 26.509]"
717,76.8.213.231,"[[97, 75, 190], [97, 75, 188], [66, 219, 235]]",-1.0,-1.0,"[25.14, 25.869, 26.356, 26.498, 26.577]"
718,76.8.213.231,"[[97, 75, 190], [97, 75, 188], [66, 219, 235]]",-1.0,-1.0,"[27.594, 28.512, 27.584, 27.579, 27.575]"
719,76.8.213.231,"[[97, 75, 190], [97, 75, 188], [66, 219, 235]]",-1.0,-1.0,"[25.121, 25.874, 26.561, 27.465, 26.582]"
720,76.8.213.231,"[[97, 75, 190], [97, 75, 188], [66, 219, 235]]",-1.0,-1.0,"[25.254, 27.99, 26.793, 27.208, 26.629]"
721,76.8.213.231,"[[97, 75, 190], [97, 75, 188], [66, 219, 235]]",-1.0,-1.0,"[25.14, 26.348, 26.345, 26.568, 26.726]"
722,76.8.213.231,"[[97, 75, 190], [97, 75, 188], [66, 219, 235]]",-1.0,-1.0,"[25.819, 25.871, 26.442, 26.452, 26.536]"
723,76.8.213.231,"[[97, 75, 190], [97, 75, 188], [66, 219, 235]]",-1.0,-1.0,"[25.257, 25.85, 26.928, 26.74, 26.845]"
724,76.8.213.231,"[[97, 75, 190], [97, 75, 188], [66, 219, 235]]",-1.0,-1.0,"[37.425, 27.041, 26.728, 26.66, 26.803]"
725,76.8.213.231,"[[97, 75, 190], [97, 75, 188], [66, 219, 235]]",-1.0,-1.0,"[25.115, 26.091, 26.389, 26.659, 26.559]"
726,76.8.213.231,"[[97, 75, 190], [97, 75, 188], [66, 219, 235]]",-1.0,-1.0,"[25.12, 25.908, 26.345, 26.769, 26.536]"
727,76.8.213.231,"[[97, 75, 190], [97, 75, 188], [66, 219, 235]]",-1.0,-1.0,"[25.193, 25.904, 26.339, 26.761, 26.623]"
728,76.8.213.231,"[[97, 75, 190], [97, 75, 188], [66, 219, 235]]",-1.0,-1.0,"[25.134, 25.907, 26.241, 26.684, 26.562]"
729,76.8.213.231,"[[97, 75, 190], [97, 75, 188], [66, 219, 235]]",-1.0,-1.0,"[25.014, 25.914, 26.358, 26.724, 26.555]"
730,76.8.213.231,"[[97, 75, 190], [97, 75, 188], [66, 219, 235]]",-1.0,-1.0,"[46.167, 26.164, 26.535, 26.831, 26.563]"
731,76.8.213.231,"[[97, 75, 190], [97, 75, 188], [66, 219, 235]]",-1.0,-1.0,"[25.079, 25.863, 26.499, 26.8, 26.606]"
732,76.8.213.231,"[[97, 75, 190], [97, 75, 188], [66, 219, 235]]",-1.0,-1.0,"[25.073, 25.969, 26.259, 26.868, 26.598]"
733,76.8.213.231,"[[97, 75, 190], [97, 75, 188], [66, 219, 235]]",-1.0,-1.0,"[25.268, 25.929, 26.441, 26.557, 26.709]"
734,76.8.213.231,"[[97, 75, 190], [97, 75, 188], [66, 219, 235]]",-1.0,-1.0,"[26.806, 26.805, 26.802, 26.8, 26.797]"
735,76.8.213.231,"[[97, 75, 190], [97, 75, 188], [66, 219, 235]]",-1.0,-1.0,"[25.361, 27.201, 27.199, 27.529, 28.029]"
736,76.8.213.231,"[[97, 75, 190], [97, 75, 188], [66, 219, 235]]",-1.0,-1.0,"[24.959, 25.75, 26.348, 29.22, 26.498]"
737,76.8.213.231,"[[97, 75, 190], [97, 75, 188], [66, 219, 235]]",-1.0,-1.0,"[29.791, 26.261, 26.343, 26.561, 26.669]"
738,76.8.213.231,"[[97, 75, 190], [97, 75, 188], [66, 219, 235]]",-1.0,-1.0,"[25.263, 26.141, 26.42, 26.725, 26.554]"
739,76.8.213.231,"[[97, 75, 190], [97, 75, 188], [66, 219, 235]]",-1.0,-1.0,"[25.422, 25.83, 26.264, 26.72, 26.563]"
740,76.8.213.231,"[[97, 75, 190], [97, 75, 188], [66, 219, 235]]",-1.0,-1.0,"[25.247, 28.583, 26.538, 26.577, 26.737]"
741,76.8.213.231,"[[97, 75, 190], [97, 75, 188], [66, 219, 235]]",-1.0,-1.0,"[25.086, 25.985, 26.304, 26.48, 26.558]"
742,76.8.213.231,"[[97, 75, 190], [97, 75, 188], [66, 219, 235]]",-1.0,-1.0,"[25.102, 30.701, 26.288, 26.528, 26.602]"
743,76.8.213.231,"[[97, 75, 190], [97, 75, 188], [66, 219, 235]]",-1.0,-1.0,"[25.613, 36.278, 28.198, 28.196, 28.194]"
744,76.8.213.231,"[[97, 75, 190], [97, 75, 188], [66, 219, 235]]",-1.0,-1.0,"[25.175, 26.014, 26.428, 26.674, 26.58]"
745,76.8.213.231,"[[97, 75, 190], [97, 75, 188], [66, 219, 235]]",-1.0,-1.0,"[25.378, 28.652, 26.44, 26.383, 26.522]"
746,76.8.213.231,"[[97, 75, 190], [97, 75, 188], [66, 219, 235]]",-1.0,-1.0,"[33.269, 29.069, 29.34, 29.204, 29.387]"
747,76.8.213.231,"[[97, 75, 190], [97, 75, 188], [66, 219, 235]]",-1.0,-1.0,"[25.277, 26.132, 26.475, 34.552, 26.591]"
748,76.8.213.231,"[[97, 75, 190], [97, 75, 188], [66, 219, 235]]",-1.0,-1.0,"[25.129, 25.851, 26.319, 26.535, 26.649]"
749,76.8.213.231,"[[97, 75, 190], [97, 75, 188], [66, 219, 235]]",-1.0,-1.0,"[25.209, 25.874, 26.455, 26.488, 26.606]"
750,76.8.213.231,"[[97, 75, 190], [97, 75, 188], [66, 219, 235]]",-1.0,-1.0,"[25.194, 25.818, 26.283, 26.563, 26.662]"
751,76.8.213.231,"[[97, 75, 190], [97, 75, 188], [66, 219, 235]]",-1.0,-1.0,"[25.344, 25.837, 26.431, 26.499, 26.624]"
752,76.8.213.231,"[[97, 75, 190], [97, 75, 188], [66, 219, 235]]",-1.0,-1.0,"[25.092, 25.864, 26.393, 26.681, 26.557]"
753,76.8.213.231,"[[97, 75, 190], [97, 75, 188], [66, 219, 235]]",-1.0,-1.0,"[25.314, 25.77, 26.185, 26.779, 26.586]"
754,76.8.213.231,"[[97, 75, 190], [97, 75, 188], [66, 219, 235]]",-1.0,-1.0,"[25.234, 25.984, 26.531, 26.746, 26.676]"
755,76.8.213.231,"[[97, 75, 190], [97, 75, 188], [66, 219, 235]]",-1.0,-1.0,"[25.373, 26.068, 26.549, 27.228, 26.885]"
756,76.8.213.231,"[[97, 75, 190], [97, 75, 188], [66, 219, 235]]",-1.0,-1.0,"[25.284, 25.863, 26.357, 26.666, 26.586]"
757,76.8.213.231,"[[97, 75, 190], [97, 75, 188], [66, 219, 235]]",-1.0,-1.0,"[25.237, 27.349, 26.324, 26.797, 26.636]"
758,76.8.213.231,"[[97, 75, 190], [97, 75, 188], [66, 219, 235]]",-1.0,-1.0,"[25.278, 25.877, 26.42, 27.872, 26.58]"
759,76.8.213.231,"[[97, 75, 190], [97, 75, 188], [66, 219, 235]]",-1.0,-1.0,"[25.026, 27.65, 26.453, 26.745, 26.595]"
760,76.8.213.231,"[[97, 75, 190], [97, 75, 188], [66, 219, 235]]",-1.0,-1.0,"[26.634, 26.629, 31.741, 31.734, 31.72]"
761,76.8.213.231,"[[97, 75, 190], [97, 75, 188], [66, 219, 235]]",-1.0,-1.0,"[25.858, 25.867, 27.38, 26.789, 26.481]"
762,76.8.213.231,"[[97, 75, 190], [97, 75, 188], [66, 219, 235]]",-1.0,-1.0,"[25.098, 27.52, 26.259, 27.159, 26.591]"
763,76.8.213.231,"[[97, 75, 190], [97, 75, 188], [66, 219, 235]]",-1.0,-1.0,"[25.141, 25.825, 26.309, 26.643, 26.525]"
764,76.8.213.231,"[[97, 75, 190], [97, 75, 188], [66, 219, 235]]",-1.0,-1.0,"[25.049, 25.873, 26.533, 27.46, 26.554]"
765,76.8.213.231,"[[97, 75, 190], [97, 75, 188], [66, 219, 235]]",-1.0,-1.0,"[25.205, 26.143, 26.547, 26.734, 26.648]"
766,76.8.213.231,"[[97, 75, 190], [97, 75, 188], [66, 219, 235]]",-1.0,-1.0,"[25.174, 25.865, 26.394, 26.595, 26.687]"
767,76.8.213.231,"[[97, 75, 190], [97, 75, 188], [66, 219, 235]]",-1.0,-1.0,"[25.245, 26.101, 26.459, 27.663, 26.673]"
768,76.8.213.231,"[[97, 75, 190], [97, 75, 188], [66, 219, 235]]",-1.0,-1.0,"[25.526, 26.134, 26.372, 26.868, 26.668]"
769,76.8.213.231,"[[97, 75, 190], [97, 75, 188], [66, 219, 235]]",-1.0,-1.0,"[25.01, 25.952, 26.254, 26.799, 26.658]"
770,76.8.213.231,"[[97, 75, 190], [97, 75, 188], [66, 219, 235]]",-1.0,-1.0,"[25.355, 26.009, 26.444, 26.832, 26.553]"
771,76.8.213.231,"[[97, 75, 190], [97, 75, 188], [66, 219, 235]]",-1.0,-1.0,"[24.962, 26.217, 26.849, 26.688, 26.628]"
772,76.8.213.231,"[[97, 75, 190], [97, 75, 188], [66, 219, 235]]",-1.0,-1.0,"[25.287, 26.037, 26.391, 29.417, 26.619]"
773,76.8.213.231,"[[97, 75, 190], [97, 75, 188], [66, 219, 235]]",-1.0,-1.0,"[25.591, 25.994, 26.303, 26.811, 26.672]"
774,76.8.213.231,"[[97, 75, 190], [97, 75, 188], [66, 219, 235]]",-1.0,-1.0,"[25.919, 26.064, 26.479, 26.501, 26.592]"
775,76.8.213.231,"[[97, 75, 190], [97, 75, 188], [66, 219, 235]]",-1.0,-1.0,"[25.893, 26.114, 26.381, 26.759, 26.641]"
776,76.8.213.231,"[[97, 75, 190], [97, 75, 188], [66, 219, 235]]",-1.0,-1.0,"[25.155, 25.905, 26.345, 26.85, 26.681]"
777,76.8.213.231,"[[97, 75, 190], [97, 75, 188], [66, 219, 235]]",-1.0,-1.0,"[25.155, 25.942, 29.616, 26.841, 26.751]"
778,76.8.213.231,"[[97, 75, 190], [97, 75, 188], [66, 219, 235]]",-1.0,-1.0,"[24.994, 26.187, 34.971, 26.593, 26.686]"
779,76.8.213.231,"[[97, 75, 190], [97, 75, 188], [66, 219, 235]]",-1.0,-1.0,"[25.051, 25.917, 26.372, 26.504, 26.588]"
780,76.8.213.231,"[[97, 75, 190], [97, 75, 188], [66, 219, 235]]",-1.0,-1.0,"[25.368, 26.737, 26.569, 26.856, 26.648]"
781,76.8.213.231,"[[97, 75, 190], [97, 75, 188], [66, 219, 235]]",-1.0,-1.0,"[25.081, 27.996, 27.995, 27.993, 27.99]"
782,76.8.213.231,"[[97, 75, 190], [97, 75, 188], [66, 219, 235]]",-1.0,-1.0,"[25.349, 29.618, 26.459, 26.888, 26.705]"
783,76.8.213.231,"[[97, 75, 190], [97, 75, 188], [66, 219, 235]]",-1.0,-1.0,"[26.78, 26.66, 26.53, 26.589, 26.669]"
784,76.8.213.231,"[[97, 75, 190], [97, 75, 188], [66, 219, 235]]",-1.0,-1.0,"[25.446, 25.963, 26.347, 26.847, 26.667]"
785,76.8.213.231,"[[97, 75, 190], [97, 75, 188], [66, 219, 235]]",-1.0,-1.0,"[25.415, 25.891, 26.264, 26.797, 26.558]"
786,76.8.213.231,"[[97, 75, 190], [97, 75, 188], [66, 219, 235]]",-1.0,-1.0,"[26.065, 26.151, 26.458, 26.455, 26.537]"
787,76.8.213.231,"[[97, 75, 190], [97, 75, 188], [66, 219, 235]]",-1.0,-1.0,"[25.279, 26.027, 26.683, 26.629, 26.686]"
788,76.8.213.231,"[[97, 75, 190], [97, 75, 188], [66, 219, 235]]",-1.0,-1.0,"[25.232, 25.889, 26.582, 26.58, 26.666]"
789,76.8.213.231,"[[97, 75, 190], [97, 75, 188], [66, 219, 235]]",-1.0,-1.0,"[26.652, 26.138, 26.28, 26.827, 26.624]"
790,76.8.213.231,"[[97, 75, 190], [97, 75, 188], [66, 219, 235]]",-1.0,-1.0,"[25.213, 26.053, 26.389, 26.558, 26.599]"
791,76.8.213.231,"[[97, 75, 190], [97, 75, 188], [66, 219, 235]]",-1.0,-1.0,"[25.474, 25.997, 26.496, 26.706, 26.645]"
792,76.8.213.231,"[[97, 75, 190], [97, 75, 188], [66, 219, 235]]",-1.0,-1.0,"[25.141, 25.778, 26.357, 26.5, 26.666]"
793,76.8.213.231,"[[97, 75, 190], [97, 75, 188], [66, 219, 235]]",-1.0,-1.0,"[25.078, 27.491, 26.335, 26.463, 26.605]"
794,76.8.213.231,"[[97, 75, 190], [97, 75, 188], [66, 219, 235]]",-1.0,-1.0,"[25.461, 26.003, 26.243, 26.734, 26.617]"
795,76.8.213.231,"[[97, 75, 190], [97, 75, 188], [66, 219, 235]]",-1.0,-1.0,"[25.208, 27.064, 26.467, 26.506, 26.63]"
796,76.8.213.231,"[[97, 75, 190], [97, 75, 188], [66, 219, 235]]",-1.0,-1.0,"[25.706, 25.883, 26.393, 26.504, 26.594]"
797,76.8.213.231,"[[97, 75, 190], [97, 75, 188], [66, 219, 235]]",-1.0,-1.0,"[25.163, 25.845, 26.348, 26.749, 26.621]"
798,76.8.213.231,"[[97, 75, 190], [97, 75, 188], [66, 219, 235]]",-1.0,-1.0,"[25.277, 25.881, 26.382, 26.85, 26.919]"
799,76.8.213.231,"[[97, 75, 190], [97, 75, 188], [66, 219, 235]]",-1.0,-1.0,"[25.173, 25.788, 26.522, 26.711, 26.573]"
800,76.8.213.231,"[[97, 75, 190], [97, 75, 188], [66, 219, 235]]",-1.0,-1.0,"[25.242, 25.922, 26.318, 26.619, 26.729]"
801,76.8.213.231,"[[97, 75, 190], [97, 75, 188], [66, 219, 235]]",-1.0,-1.0,"[25.207, 25.88, 26.243, 26.94, 26.767]"
802,76.8.213.231,"[[97, 75, 190], [97, 75, 188], [66, 219, 235]]",-1.0,-1.0,"[25.196, 25.86, 26.364, 27.685, 26.696]"
803,76.8.213.231,"[[97, 75, 190], [97, 75, 188], [66, 219, 235]]",-1.0,-1.0,"[25.25, 25.819, 26.396, 26.434, 26.537]"
804,76.8.213.231,"[[97, 75, 190], [97, 75, 188], [66, 219, 235]]",-1.0,-1.0,"[25.197, 26.115, 26.451, 26.697, 26.545]"
805,76.8.213.231,"[[97, 75, 190], [97, 75, 188], [66, 219, 235]]",-1.0,-1.0,"[34.033, 26.166, 26.472, 26.667, 26.819]"
806,76.8.213.231,"[[97, 75, 190], [97, 75, 188], [66, 219, 235]]",-1.0,-1.0,"[25.017, 25.817, 26.378, 26.685, 26.565]"
807,76.8.213.231,"[[97, 75, 190], [97, 75, 188], [66, 219, 235]]",-1.0,-1.0,"[47.719, 48.027, 48.726, 49.088, 49.199]"
808,76.8.213.231,"[[97, 75, 190], [97, 75, 188], [66, 219, 235]]",-1.0,-1.0,"[26.456, 26.296, 26.32, 26.557, 26.663]"
809,76.8.213.231,"[[97, 75, 190], [97, 75, 188], [66, 219, 235]]",-1.0,-1.0,"[25.634, 25.917, 26.333, 26.506, 26.687]"
810,76.8.213.231,"[[97, 75, 190], [97, 75, 188], [66, 219, 235]]",-1.0,-1.0,"[25.216, 25.937, 26.493, 26.626, 26.5]"
811,76.8.213.231,"[[97, 75, 190], [97, 75, 188], [66, 219, 235]]",-1.0,-1.0,"[25.064, 25.931, 26.332, 26.662, 26.759]"
812,76.8.213.231,"[[97, 75, 190], [97, 75, 188], [66, 219, 235]]",-1.0,-1.0,"[25.112, 25.895, 26.437, 27.42, 26.642]"
813,76.8.213.231,"[[97, 75, 190], [97, 75, 188], [66, 219, 235]]",-1.0,-1.0,"[25.366, 29.487, 26.493, 27.193, 27.867]"
814,76.8.213.231,"[[97, 75, 190], [97, 75, 188], [66, 219, 235]]",-1.0,-1.0,"[25.369, 26.064, 47.599, 26.704, 26.94]"
815,76.8.213.231,"[[97, 75, 190], [97, 75, 188], [66, 219, 235]]",-1.0,-1.0,"[25.386, 26.034, 26.298, 26.494, 26.66]"
816,76.8.213.231,"[[97, 75, 190], [97, 75, 188], [66, 219, 235]]",-1.0,-1.0,"[25.238, 47.039, 26.379, 26.486, 26.725]"
817,76.8.213.231,"[[97, 75, 190], [97, 75, 188], [66, 219, 235]]",-1.0,-1.0,"[25.058, 26.645, 26.311, 28.22, 26.709]"
818,76.8.213.231,"[[97, 75, 190], [97, 75, 188], [66, 219, 235]]",-1.0,-1.0,"[25.138, 26.109, 26.283, 26.865, 26.764]"
819,76.8.213.231,"[[97, 75, 190], [97, 75, 188], [66, 219, 235]]",-1.0,-1.0,"[25.357, 26.027, 26.35, 26.69, 26.588]"
820,76.8.213.231,"[[97, 75, 190], [97, 75, 188], [66, 219, 235]]",-1.0,-1.0,"[25.447, 26.178, 26.664, 26.883, 27.166]"
821,76.8.213.231,"[[97, 75, 190], [97, 75, 188], [66, 219, 235]]",-1.0,-1.0,"[25.098, 25.842, 26.24, 26.796, 26.507]"
822,76.8.213.231,"[[97, 75, 190], [97, 75, 188], [66, 219, 235]]",-1.0,-1.0,"[25.169, 25.834, 26.347, 26.867, 26.619]"
823,76.8.213.231,"[[97, 75, 190], [97, 75, 188], [66, 219, 235]]",-1.0,-1.0,"[25.435, 26.142, 26.384, 26.841, 26.691]"
824,76.8.213.231,"[[97, 75, 190], [97, 75, 188], [66, 219, 235]]",-1.0,-1.0,"[47.424, 47.973, 48.76, 48.904, 48.99]"
825,76.8.213.231,"[[97, 75, 190], [97, 75, 188], [66, 219, 235]]",-1.0,-1.0,"[47.559, 48.001, 49.202, 48.909, 48.945]"
826,76.8.213.231,"[[97, 75, 190], [97, 75, 188], [66, 219, 235]]",-1.0,-1.0,"[47.375, 48.23, 48.752, 49.005, 49.093]"
827,76.8.213.231,"[[97, 75, 190], [97, 75, 188], [66, 219, 235]]",-1.0,-1.0,"[47.551, 48.06, 48.844, 48.862, 48.985]"
828,76.8.213.231,"[[97, 75, 190], [97, 75, 188], [66, 219, 235]]",-1.0,-1.0,"[48.563, 48.428, 48.835, 53.165, 48.963]"
829,76.8.213.231,"[[97, 75, 190], [97, 75, 188], [66, 219, 235]]",-1.0,-1.0,"[26.166, 26.198, 26.454, 26.563, 26.714]"
830,76.8.213.231,"[[97, 75, 190], [97, 75, 188], [66, 219, 235]]",-1.0,-1.0,"[30.29, 26.166, 26.578, 26.527, 26.634]"
831,76.8.213.231,"[[97, 75, 190], [97, 75, 188], [66, 219, 235]]",-1.0,-1.0,"[25.072, 26.354, 26.351, 26.797, 26.616]"
832,76.8.213.231,"[[97, 75, 190], [97, 75, 188], [66, 219, 235]]",-1.0,-1.0,"[25.231, 37.325, 32.631, 26.785, 26.666]"
833,76.8.213.231,"[[97, 75, 190], [97, 75, 188], [66, 219, 235]]",-1.0,-1.0,"[25.066, 25.808, 26.189, 26.71, 26.584]"
834,76.8.213.231,"[[97, 75, 190], [97, 75, 188], [66, 219, 235]]",-1.0,-1.0,"[24.992, 26.136, 26.293, 26.709, 26.62]"
835,76.8.213.231,"[[97, 75, 190], [97, 75, 188], [66, 219, 235]]",-1.0,-1.0,"[25.135, 25.827, 26.41, 26.676, 26.542]"
836,76.8.213.231,"[[97, 75, 190], [97, 75, 188], [66, 219, 235]]",-1.0,-1.0,"[25.125, 26.017, 26.394, 26.532, 26.612]"
837,76.8.213.231,"[[97, 75, 190], [97, 75, 188], [66, 219, 235]]",-1.0,-1.0,"[25.399, 26.168, 26.387, 26.645, 26.708]"
838,76.8.213.231,"[[97, 75, 190], [97, 75, 188], [66, 219, 235]]",-1.0,-1.0,"[25.138, 26.506, 26.342, 26.561, 26.659]"
839,76.8.213.231,"[[97, 75, 190], [97, 75, 188], [66, 219, 235]]",-1.0,-1.0,"[25.284, 25.956, 26.539, 26.396, 26.532]"
840,76.8.213.231,"[[97, 75, 190], [97, 75, 188], [66, 219, 235]]",-1.0,-1.0,"[25.146, 27.276, 26.38, 26.627, 26.518]"
841,76.8.213.231,"[[97, 75, 190], [97, 75, 188], [66, 219, 235]]",-1.0,-1.0,"[25.463, 25.897, 26.297, 26.661, 26.727]"
842,76.8.213.231,"[[97, 75, 190], [97, 75, 188], [66, 219, 235]]",-1.0,-1.0,"[25.116, 27.429, 26.466, 26.566, 26.638]"
843,76.8.213.231,"[[97, 75, 190], [97, 75, 188], [66, 219, 235]]",-1.0,-1.0,"[26.309, 28.395, 26.346, 26.477, 26.657]"
844,76.8.213.231,"[[97, 75, 190], [97, 75, 188], [66, 219, 235]]",-1.0,-1.0,"[25.194, 25.956, 26.235, 26.576, 26.671]"
845,76.8.213.231,"[[97, 75, 190], [97, 75, 188], [66, 219, 235]]",-1.0,-1.0,"[47.53, 48.35, 48.725, 49.289, 49.265]"
846,76.8.213.231,"[[97, 75, 190], [97, 75, 188], [66, 219, 235]]",-1.0,-1.0,"[25.348, 27.074, 26.293, 26.864, 26.563]"
847,76.8.213.231,"[[97, 75, 190], [97, 75, 188], [66, 219, 235]]",-1.0,-1.0,"[25.083, 27.321, 26.303, 26.671, 26.529]"
848,76.8.213.231,"[[97, 75, 190], [97, 75, 188], [66, 219, 235]]",-1.0,-1.0,"[25.19, 25.926, 26.383, 26.726, 26.604]"
849,76.8.213.231,"[[97, 75, 190], [97, 75, 188], [66, 219, 235]]",-1.0,-1.0,"[25.223, 25.922, 26.365, 29.149, 26.568]"
850,76.8.213.231,"[[97, 75, 190], [97, 75, 188], [66, 219, 235]]",-1.0,-1.0,"[25.433, 26.053, 26.362, 26.833, 26.694]"
851,76.8.213.231,"[[97, 75, 190], [97, 75, 188], [66, 219, 235]]",-1.0,-1.0,"[25.027, 25.883, 26.257, 32.829, 26.52]"
852,76.8.213.231,"[[97, 75, 190], [97, 75, 188], [66, 219, 235]]",-1.0,-1.0,"[25.377, 25.845, 26.367, 26.738, 26.579]"
853,76.8.213.231,"[[97, 75, 190], [97, 75, 188], [66, 219, 235]]",-1.0,-1.0,"[25.342, 26.134, 26.344, 26.648, 26.768]"
854,76.8.213.231,"[[97, 75, 190], [97, 75, 188], [66, 219, 235]]",-1.0,-1.0,"[25.325, 28.041, 26.742, 26.509, 26.634]"
855,76.8.213.231,"[[97, 75, 190], [97, 75, 188], [66, 219, 235]]",-1.0,-1.0,"[25.149, 26.808, 26.412, 27.001, 26.785]"
856,76.8.213.231,"[[97, 75, 190], [97, 75, 188], [66, 219, 235]]",-1.0,-1.0,"[25.047, 26.093, 26.482, 26.643, 26.539]"
857,76.8.213.231,"[[97, 75, 190], [97, 75, 188], [66, 219, 235]]",-1.0,-1.0,"[25.214, 26.229, 26.417, 26.906, 26.671]"
858,76.8.213.231,"[[97, 75, 190], [97, 75, 188], [66, 219, 235]]",-1.0,-1.0,"[25.148, 25.943, 26.606, 27.072, 26.737]"
859,76.8.213.231,"[[97, 75, 190], [97, 75, 188], [66, 219, 235]]",-1.0,-1.0,"[39.964, 26.153, 26.588, 27.406, 26.703]"
860,76.8.213.231,"[[97, 75, 190], [97, 75, 188], [66, 219, 235]]",-1.0,-1.0,"[25.036, 47.069, 26.238, 26.409, 26.607]"
861,76.8.213.231,"[[97, 75, 190], [97, 75, 188], [66, 219, 235]]",-1.0,-1.0,"[56.099, 27.593, 26.79, 27.003, 26.672]"
862,76.8.213.231,"[[97, 75, 190], [97, 75, 188], [66, 219, 235]]",-1.0,-1.0,"[25.209, 25.947, 26.4, 26.533, 26.741]"
863,76.8.213.231,"[[97, 75, 190], [97, 75, 188], [66, 219, 235]]",-1.0,-1.0,"[25.312, 25.841, 26.325, 26.571, 26.654]"
864,76.8.213.231,"[[97, 75, 190], [97, 75, 188], [66, 219, 235]]",-1.0,-1.0,"[25.086, 25.869, 26.26, 26.562, 26.725]"
865,76.8.213.231,"[[97, 75, 190], [97, 75, 188], [66, 219, 235]]",-1.0,-1.0,"[25.354, 26.037, 29.262, 26.571, 26.735]"
866,76.8.213.231,"[[97, 75, 190], [97, 75, 188], [66, 219, 235]]",-1.0,-1.0,"[33.176, 26.326, 26.497, 26.711, 26.614]"
867,76.8.213.231,"[[97, 75, 190], [97, 75, 188], [66, 219, 235]]",-1.0,-1.0,"[25.376, 26.174, 26.43, 26.823, 26.652]"
868,76.8.213.231,"[[97, 75, 190], [97, 75, 188], [66, 219, 235]]",-1.0,-1.0,"[25.045, 25.87, 26.285, 26.503, 26.677]"
869,76.8.213.231,"[[97, 75, 190], [97, 75, 188], [66, 219, 235]]",-1.0,-1.0,"[25.128, 26.209, 26.414, 26.644, 26.775]"
870,76.8.213.231,"[[97, 75, 190], [97, 75, 188], [66, 219, 235]]",-1.0,-1.0,"[25.268, 26.061, 37.727, 26.643, 26.561]"
871,76.8.213.231,"[[97, 75, 190], [97, 75, 188], [66, 219, 235]]",-1.0,-1.0,"[25.145, 25.846, 26.299, 28.863, 26.518]"
872,76.8.213.231,"[[97, 75, 190], [97, 75, 188], [66, 219, 235]]",-1.0,-1.0,"[25.195, 60.603, 26.424, 26.739, 26.637]"
873,76.8.213.231,"[[97, 75, 190], [97, 75, 188], [66, 219, 235]]",-1.0,-1.0,"[38.465, 26.834, 26.769, 26.642, 26.541]"
874,76.8.213.231,"[[97, 75, 190], [97, 75, 188], [66, 219, 235]]",-1.0,-1.0,"[25.184, 26.018, 26.339, 26.857, 26.615]"
875,76.8.213.231,"[[97, 75, 190], [97, 75, 188], [66, 219, 235]]",-1.0,-1.0,"[25.122, 33.089, 27.223, 27.22, 27.216]"
876,76.8.213.231,"[[97, 75, 190], [97, 75, 188], [66, 219, 235]]",-1.0,-1.0,"[46.666, 26.086, 26.315, 26.542, 26.63]"
877,76.8.213.231,"[[97, 75, 190], [97, 75, 188], [66, 219, 235]]",-1.0,-1.0,"[25.207, 25.997, 42.138, 26.752, 26.659]"
878,76.8.213.231,"[[97, 75, 190], [97, 75, 188], [66, 219, 235]]",-1.0,-1.0,"[25.166, 26.141, 26.48, 26.836, 26.723]"
879,76.8.213.231,"[[97, 75, 190], [97, 75, 188], [66, 219, 235]]",-1.0,-1.0,"[25.371, 25.927, 26.316, 26.803, 26.544]"
880,76.8.213.231,"[[97, 75, 190], [97, 75, 188], [66, 219, 235]]",-1.0,-1.0,"[25.044, 26.099, 26.458, 26.633, 26.752]"
881,76.8.213.231,"[[97, 75, 190], [97, 75, 188], [66, 219, 235]]",-1.0,-1.0,"[25.34, 26.056, 26.436, 26.916, 28.893]"
882,76.8.213.231,"[[97, 75, 190], [97, 75, 188], [66, 219, 235]]",-1.0,-1.0,"[25.433, 25.86, 26.402, 27.402, 26.713]"
883,76.8.213.231,"[[97, 75, 190], [97, 75, 188], [66, 219, 235]]",-1.0,-1.0,"[25.039, 25.845, 26.401, 26.477, 26.584]"
884,76.8.213.231,"[[97, 75, 190], [97, 75, 188], [66, 219, 235]]",-1.0,-1.0,"[25.161, 25.948, 26.432, 28.752, 26.616]"
885,76.8.213.231,"[[97, 75, 190], [97, 75, 188], [66, 219, 235]]",-1.0,-1.0,"[25.49, 26.08, 26.472, 31.165, 26.564]"
886,76.8.213.231,"[[97, 75, 190], [97, 75, 188], [66, 219, 235]]",-1.0,-1.0,"[25.349, 25.923, 26.285, 29.076, 26.692]"
887,76.8.213.231,"[[97, 75, 190], [97, 75, 188], [66, 219, 235]]",-1.0,-1.0,"[25.165, 26.251, 26.758, 26.722, 26.628]"
888,76.8.213.231,"[[97, 75, 190], [97, 75, 188], [66, 219, 235]]",-1.0,-1.0,"[25.172, 25.894, 26.288, 28.547, 26.613]"
889,76.8.213.231,"[[97, 75, 190], [97, 75, 188], [66, 219, 235]]",-1.0,-1.0,"[26.54, 26.23, 26.842, 26.469, 26.745]"
890,76.8.213.231,"[[97, 75, 190], [97, 75, 188], [66, 219, 235]]",-1.0,-1.0,"[25.154, 26.086, 26.42, 26.453, 26.717]"
891,76.8.213.231,"[[97, 75, 190], [97, 75, 188], [66, 219, 235]]",-1.0,-1.0,"[25.574, 25.868, 26.408, 26.58, 26.632]"
892,76.8.213.231,"[[97, 75, 190], [97, 75, 188], [66, 219, 235]]",-1.0,-1.0,"[25.05, 25.842, 26.323, 26.753, 26.626]"
893,76.8.213.231,"[[97, 75, 190], [97, 75, 188], [66, 219, 235]]",-1.0,-1.0,"[25.212, 26.317, 26.585, 26.763, 26.609]"
894,76.8.213.231,"[[97, 75, 190], [97, 75, 188], [66, 219, 235]]",-1.0,-1.0,"[25.573, 26.129, 26.438, 26.614, 26.727]"
895,76.8.213.231,"[[97, 75, 190], [97, 75, 188], [66, 219, 235]]",-1.0,-1.0,"[26.206, 26.392, 26.389, 26.583, 26.744]"
896,76.8.213.231,"[[97, 75, 190], [97, 75, 188], [66, 219, 235]]",-1.0,-1.0,"[25.235, 26.15, 26.363, 26.536, 26.633]"
897,76.8.213.231,"[[97, 75, 190], [97, 75, 188], [66, 219, 235]]",-1.0,-1.0,"[25.492, 25.987, 26.401, 26.592, 26.669]"
898,76.8.213.231,"[[97, 75, 190], [97, 75, 188], [66, 219, 235]]",-1.0,-1.0,"[25.385, 25.893, 27.156, 26.752, 26.594]"
899,76.8.213.231,"[[97, 75, 190], [97, 75, 188], [66, 219, 235]]",-1.0,-1.0,"[25.364, 26.174, 26.356, 26.764, 26.677]"
900,76.8.213.231,"[[97, 75, 190], [97, 75, 188], [66, 219, 235]]",-1.0,-1.0,"[25.43, 26.046, 26.462, 26.669, 26.88]"
901,76.8.213.231,"[[97, 75, 190], [97, 75, 188], [66, 219, 235]]",-1.0,-1.0,"[25.186, 25.878, 26.334, 26.531, 26.768]"
902,76.8.213.231,"[[97, 75, 190], [97, 75, 188], [66, 219, 235]]",-1.0,-1.0,"[25.285, 25.964, 26.332, 26.597, 26.507]"
903,76.8.213.231,"[[97, 75, 190], [97, 75, 188], [66, 219, 235]]",-1.0,-1.0,"[25.267, 25.9, 26.453, 40.854, 26.535]"
904,76.8.213.231,"[[97, 75, 190], [97, 75, 188], [66, 219, 235]]",-1.0,-1.0,"[25.124, 25.866, 26.407, 26.533, 26.655]"
905,76.8.213.231,"[[97, 75, 190], [97, 75, 188], [66, 219, 235]]",-1.0,-1.0,"[25.087, 25.878, 26.403, 26.623, 26.533]"
906,76.8.213.231,"[[97, 75, 190], [97, 75, 188], [66, 219, 235]]",-1.0,-1.0,"[25.341, 26.117, 26.39, 26.607, 26.718]"
907,76.8.213.231,"[[97, 75, 190], [97, 75, 188], [66, 219, 235]]",-1.0,-1.0,"[25.506, 27.477, 26.34, 26.665, 26.755]"
908,76.8.213.231,"[[97, 75, 190], [97, 75, 188], [66, 219, 235]]",-1.0,-1.0,"[24.989, 26.174, 26.512, 26.588, 26.689]"
909,76.8.213.231,"[[97, 75, 190], [97, 75, 188], [66, 219, 235]]",-1.0,-1.0,"[25.244, 26.005, 26.579, 26.742, 26.712]"
910,76.8.213.231,"[[97, 75, 190], [97, 75, 188], [66, 219, 235]]",-1.0,-1.0,"[25.167, 38.279, 26.31, 26.48, 26.564]"
911,76.8.213.231,"[[97, 75, 190], [97, 75, 188], [66, 219, 235]]",-1.0,-1.0,"[40.349, 30.826, 30.823, 35.391, 30.817]"
912,76.8.213.231,"[[97, 75, 190], [97, 75, 188], [66, 219, 235]]",-1.0,-1.0,"[25.313, 28.266, 26.229, 26.775, 26.529]"
913,76.8.213.231,"[[97, 75, 190], [97, 75, 188], [66, 219, 235]]",-1.0,-1.0,"[25.181, 25.971, 26.775, 26.771, 26.77]"
914,76.8.213.231,"[[97, 75, 190], [97, 75, 188], [66, 219, 235]]",-1.0,-1.0,"[25.298, 25.994, 26.411, 26.663, 26.736]"
915,76.8.213.231,"[[97, 75, 190], [97, 75, 188], [66, 219, 235]]",-1.0,-1.0,"[25.396, 25.884, 26.628, 26.682, 26.641]"
916,76.8.213.231,"[[97, 75, 190], [97, 75, 188], [66, 219, 235]]",-1.0,-1.0,"[25.57, 25.918, 26.424, 26.606, 26.725]"
917,76.8.213.231,"[[97, 75, 190], [97, 75, 188], [66, 219, 235]]",-1.0,-1.0,"[25.101, 25.828, 26.424, 26.46, 26.574]"
918,76.8.213.231,"[[97, 75, 190], [97, 75, 188], [66, 219, 235]]",-1.0,-1.0,"[25.277, 25.955, 26.508, 27.386, 26.811]"
919,76.8.213.231,"[[97, 75, 190], [97, 75, 188], [66, 219, 235]]",-1.0,-1.0,"[25.449, 25.891, 26.382, 26.578, 26.658]"
920,76.8.213.231,"[[97, 75, 190], [97, 75, 188], [66, 219, 235]]",-1.0,-1.0,"[25.18, 26.059, 28.228, 26.728, 26.64]"
921,76.8.213.231,"[[97, 75, 190], [97, 75, 188], [66, 219, 235]]",-1.0,-1.0,"[26.257, 26.291, 26.422, 26.582, 26.705]"
922,76.8.213.231,"[[97, 75, 190], [97, 75, 188], [66, 219, 235]]",-1.0,-1.0,"[25.417, 25.784, 26.216, 26.719, 26.814]"
923,76.8.213.231,"[[97, 75, 190], [97, 75, 188], [66, 219, 235]]",-1.0,-1.0,"[25.436, 26.107, 26.257, 27.067, 26.873]"
924,76.8.213.231,"[[97, 75, 190], [97, 75, 188], [66, 219, 235]]",-1.0,-1.0,"[41.065, 26.092, 26.409, 27.135, 26.561]"
925,76.8.213.231,"[[97, 75, 190], [97, 75, 188], [66, 219, 235]]",-1.0,-1.0,"[25.182, 26.125, 26.342, 26.579, 26.722]"
926,76.8.213.231,"[[97, 75, 190], [97, 75, 188], [66, 219, 235]]",-1.0,-1.0,"[25.241, 25.89, 26.421, 26.569, 26.666]"
927,76.8.213.231,"[[97, 75, 190], [97, 75, 188], [66, 219, 235]]",-1.0,-1.0,"[25.284, 26.005, 26.422, 27.462, 26.592]"
928,76.8.213.231,"[[97, 75, 190], [97, 75, 188], [66, 219, 235]]",-1.0,-1.0,"[25.417, 26.029, 26.223, 26.664, 26.725]"
929,76.8.213.231,"[[97, 75, 190], [97, 75, 188], [66, 219, 235]]",-1.0,-1.0,"[25.237, 26.008, 26.267, 26.551, 26.812]"
930,76.8.213.231,"[[97, 75, 190], [97, 75, 188], [66, 219, 235]]",-1.0,-1.0,"[25.362, 25.894, 26.496, 26.608, 26.689]"
931,76.8.213.231,"[[97, 75, 190], [97, 75, 188], [66, 219, 235]]",-1.0,-1.0,"[25.249, 25.959, 26.529, 26.547, 26.681]"
932,76.8.213.231,"[[97, 75, 190], [97, 75, 188], [66, 219, 235]]",-1.0,-1.0,"[25.284, 26.095, 27.544, 26.603, 26.753]"
933,76.8.213.231,"[[97, 75, 190], [97, 75, 188], [66, 219, 235]]",-1.0,-1.0,"[25.149, 26.041, 26.552, 26.533, 26.653]"
934,76.8.213.231,"[[97, 75, 190], [97, 75, 188], [66, 219, 235]]",-1.0,-1.0,"[25.212, 25.854, 26.368, 26.725, 26.774]"
935,76.8.213.231,"[[97, 75, 190], [97, 75, 188], [66, 219, 235]]",-1.0,-1.0,"[25.363, 25.895, 26.328, 26.907, 26.733]"
936,76.8.213.231,"[[97, 75, 190], [97, 75, 188], [66, 219, 235]]",-1.0,-1.0,"[25.441, 25.975, 26.35, 26.529, 26.663]"
937,76.8.213.231,"[[97, 75, 190], [97, 75, 188], [66, 219, 235]]",-1.0,-1.0,"[26.317, 26.135, 26.472, 26.733, 26.56]"
938,76.8.213.231,"[[97, 75, 190], [97, 75, 188], [66, 219, 235]]",-1.0,-1.0,"[27.206, 26.504, 26.503, 26.806, 26.622]"
939,76.8.213.231,"[[97, 75, 190], [97, 75, 188], [66, 219, 235]]",-1.0,-1.0,"[25.232, 25.884, 26.413, 29.201, 26.682]"
940,76.8.213.231,"[[97, 75, 190], [97, 75, 188], [66, 219, 235]]",-1.0,-1.0,"[25.294, 26.077, 26.415, 26.525, 26.687]"
941,76.8.213.231,"[[97, 75, 190], [97, 75, 188], [66, 219, 235]]",-1.0,-1.0,"[25.255, 25.964, 26.339, 26.605, 26.663]"
942,76.8.213.231,"[[97, 75, 190], [97, 75, 188], [66, 219, 235]]",-1.0,-1.0,"[25.151, 25.872, 26.649, 42.386, 26.591]"
943,76.8.213.231,"[[97, 75, 190], [97, 75, 188], [66, 219, 235]]",-1.0,-1.0,"[25.203, 25.909, 26.252, 26.522, 26.583]"
944,76.8.213.231,"[[97, 75, 190], [97, 75, 188], [66, 219, 235]]",-1.0,-1.0,"[25.951, 26.076, 26.397, 27.019, 26.667]"
945,76.8.213.231,"[[97, 75, 190], [97, 75, 188], [66, 219, 235]]",-1.0,-1.0,"[25.028, 26.131, 27.899, 26.531, 26.789]"
946,76.8.213.231,"[[97, 75, 190], [97, 75, 188], [66, 219, 235]]",-1.0,-1.0,"[25.366, 38.587, 26.399, 26.516, 26.634]"
947,76.8.213.231,"[[97, 75, 190], [97, 75, 188], [66, 219, 235]]",-1.0,-1.0,"[25.086, 25.923, 26.389, 26.609, 26.655]"
948,76.8.213.231,"[[97, 75, 190], [97, 75, 188], [66, 219, 235]]",-1.0,-1.0,"[24.903, 25.837, 26.421, 26.587, 26.583]"
949,76.8.213.231,"[[97, 75, 190], [97, 75, 188], [66, 219, 235]]",-1.0,-1.0,"[25.249, 25.903, 26.402, 26.693, 26.759]"
950,76.8.213.231,"[[97, 75, 190], [97, 75, 188], [66, 219, 235]]",-1.0,-1.0,"[25.222, 25.898, 26.353, 26.83, 26.729]"
951,76.8.213.231,"[[97, 75, 190], [97, 75, 188], [66, 219, 235]]",-1.0,-1.0,"[25.209, 26.336, 26.356, 26.72, 26.946]"
952,76.8.213.231,"[[97, 75, 190], [97, 75, 188], [66, 219, 235]]",-1.0,-1.0,"[26.082, 26.08, 26.343, 26.696, 26.85]"
953,76.8.213.231,"[[97, 75, 190], [97, 75, 188], [66, 219, 235]]",-1.0,-1.0,"[25.202, 25.937, 26.326, 26.506, 26.617]"
954,76.8.213.231,"[[97, 75, 190], [97, 75, 188], [66, 219, 235]]",-1.0,-1.0,"[25.065, 25.878, 26.375, 26.539, 26.566]"
955,76.8.213.231,"[[97, 75, 190], [97, 75, 188], [66, 219, 235]]",-1.0,-1.0,"[25.376, 25.934, 26.499, 26.838, 26.665]"
956,76.8.213.231,"[[97, 75, 190], [97, 75, 188], [66, 219, 235]]",-1.0,-1.0,"[25.112, 25.932, 26.476, 26.687, 26.83]"
957,76.8.213.231,"[[97, 75, 190], [97, 75, 188], [66, 219, 235]]",-1.0,-1.0,"[25.268, 36.861, 26.274, 27.067, 26.655]"
958,76.8.213.231,"[[97, 75, 190], [97, 75, 188], [66, 219, 235]]",-1.0,-1.0,"[25.153, 37.459, 26.335, 26.582, 26.642]"
959,76.8.213.231,"[[97, 75, 190], [97, 75, 188], [66, 219, 235]]",-1.0,-1.0,"[25.326, 27.409, 26.355, 27.775, 26.767]"
960,76.8.213.231,"[[97, 75, 190], [97, 75, 188], [66, 219, 235]]",-1.0,-1.0,"[39.573, 26.738, 26.59, 26.656, 26.726]"
961,76.8.213.231,"[[97, 75, 190], [97, 75, 188], [66, 219, 235]]",-1.0,-1.0,"[25.28, 25.871, 28.037, 26.656, 26.545]"
962,76.8.213.231,"[[97, 75, 190], [97, 75, 188], [66, 219, 235]]",-1.0,-1.0,"[25.217, 25.987, 32.283, 26.536, 26.669]"
963,76.8.213.231,"[[97, 75, 190], [97, 75, 188], [66, 219, 235]]",-1.0,-1.0,"[27.257, 26.078, 26.448, 26.751, 26.771]"
964,76.8.213.231,"[[97, 75, 190], [97, 75, 188], [66, 219, 235]]",-1.0,-1.0,"[25.131, 25.96, 26.459, 48.31, 26.618]"
965,76.8.213.231,"[[97, 75, 190], [97, 75, 188], [66, 219, 235]]",-1.0,-1.0,"[25.261, 33.193, 26.474, 26.586, 26.744]"
966,76.8.213.231,"[[97, 75, 190], [97, 75, 188], [66, 219, 235]]",-1.0,-1.0,"[25.14, 27.036, 26.415, 26.464, 26.581]"
967,76.8.213.231,"[[97, 75, 190], [97, 75, 188], [66, 219, 235]]",-1.0,-1.0,"[25.107, 25.982, 26.459, 26.752, 26.649]"
968,76.8.213.231,"[[97, 75, 190], [97, 75, 188], [66, 219, 235]]",-1.0,-1.0,"[26.504, 26.168, 26.325, 26.757, 26.633]"
969,76.8.213.231,"[[97, 75, 190], [97, 75, 188], [66, 219, 235]]",-1.0,-1.0,"[25.123, 25.833, 26.378, 26.615, 26.517]"
970,76.8.213.231,"[[97, 75, 190], [97, 75, 188], [66, 219, 235]]",-1.0,-1.0,"[25.222, 25.921, 26.288, 26.576, 26.698]"
971,76.8.213.231,"[[97, 75, 190], [97, 75, 188], [66, 219, 235]]",-1.0,-1.0,"[25.467, 26.337, 40.218, 26.985, 27.06]"
972,76.8.213.231,"[[97, 75, 190], [97, 75, 188], [66, 219, 235]]",-1.0,-1.0,"[24.923, 26.984, 26.372, 26.635, 26.745]"
973,76.8.213.231,"[[97, 75, 190], [97, 75, 188], [66, 219, 235]]",-1.0,-1.0,"[45.477, 47.045, 47.043, 46.699, 46.761]"
974,76.8.213.231,"[[97, 75, 190], [97, 75, 188], [66, 219, 235]]",-1.0,-1.0,"[25.477, 25.833, 26.205, 26.449, 26.568]"
975,76.8.213.231,"[[97, 75, 190], [97, 75, 188], [66, 219, 235]]",-1.0,-1.0,"[25.067, 26.835, 26.186, 26.439, 26.57]"
976,76.8.213.231,"[[97, 75, 190], [97, 75, 188], [66, 219, 235]]",-1.0,-1.0,"[25.144, 25.946, 26.486, 26.748, 26.628]"
977,76.8.213.231,"[[97, 75, 190], [97, 75, 188], [66, 219, 235]]",-1.0,-1.0,"[25.172, 26.037, 26.331, 26.607, 26.704]"
978,76.8.213.231,"[[97, 75, 190], [97, 75, 188], [66, 219, 235]]",-1.0,-1.0,"[26.176, 26.174, 26.345, 27.017, 26.549]"
979,76.8.213.231,"[[97, 75, 190], [97, 75, 188], [66, 219, 235]]",-1.0,-1.0,"[25.304, 25.818, 26.411, 26.633, 26.713]"
980,76.8.213.231,"[[97, 75, 190], [97, 75, 188], [66, 219, 235]]",-1.0,-1.0,"[25.198, 25.854, 26.266, 26.814, 26.634]"
981,76.8.213.231,"[[97, 75, 190], [97, 75, 188], [66, 219, 235]]",-1.0,-1.0,"[35.577, 26.337, 26.572, 26.797, 26.912]"
982,76.8.213.231,"[[97, 75, 190], [97, 75, 188], [66, 219, 235]]",-1.0,-1.0,"[25.312, 25.847, 43.351, 26.471, 26.688]"
983,76.8.213.231,"[[97, 75, 190], [97, 75, 188], [66, 219, 235]]",-1.0,-1.0,"[25.288, 26.004, 26.259, 26.654, 26.75]"
984,76.8.213.231,"[[97, 75, 190], [97, 75, 188], [66, 219, 235]]",-1.0,-1.0,"[25.374, 25.953, 26.396, 26.84, 26.707]"
985,76.8.213.231,"[[97, 75, 190], [97, 75, 188], [66, 219, 235]]",-1.0,-1.0,"[25.106, 25.901, 26.352, 26.676, 26.599]"
986,76.8.213.231,"[[97, 75, 190], [97, 75, 188], [66, 219, 235]]",-1.0,-1.0,"[25.092, 26.044, 26.401, 29.566, 26.63]"
987,76.8.213.231,"[[97, 75, 190], [97, 75, 188], [66, 219, 235]]",-1.0,-1.0,"[30.98, 26.225, 26.238, 26.84, 26.737]"
988,76.8.213.231,"[[97, 75, 190], [97, 75, 188], [66, 219, 235]]",-1.0,-1.0,"[27.834, 27.83, 27.825, 31.261, 27.815]"
989,76.8.213.231,"[[97, 75, 190], [97, 75, 188], [66, 219, 235]]",-1.0,-1.0,"[25.298, 25.978, 26.34, 26.876, 26.629]"
990,76.8.213.231,"[[97, 75, 190], [97, 75, 188], [66, 219, 235]]",-1.0,-1.0,"[25.125, 25.868, 26.46, 26.657, 26.776]"
991,76.8.213.231,"[[97, 75, 190], [97, 75, 188], [66, 219, 235]]",-1.0,-1.0,"[25.152, 26.039, 26.428, 27.377, 26.594]"
992,76.8.213.231,"[[97, 75, 190], [97, 75, 188], [66, 219, 235]]",-1.0,-1.0,"[28.253, 26.056, 26.222, 27.945, 27.937]"
993,76.8.213.231,"[[97, 75, 190], [97, 75, 188], [66, 219, 235]]",-1.0,-1.0,"[25.386, 40.088, 26.297, 26.453, 26.565]"
994,76.8.213.231,"[[97, 75, 190], [97, 75, 188], [66, 219, 235]]",-1.0,-1.0,"[25.436, 25.928, 26.471, 27.095, 26.662]"
995,76.8.213.231,"[[97, 75, 190], [97, 75, 188], [66, 219, 235]]",-1.0,-1.0,"[44.5, 26.095, 26.256, 26.582, 26.737]"
996,76.8.213.231,"[[97, 75, 190], [97, 75, 188], [66, 219, 235]]",-1.0,-1.0,"[25.27, 25.883, 26.444, 28.103, 26.632]"
997,76.8.213.231,"[[97, 75, 190], [97, 75, 188], [66, 219, 235]]",-1.0,-1.0,"[25.042, 25.788, 26.329, 26.732, 26.603]"
998,76.8.213.231,"[[97, 75, 190], [97, 75, 188], [66, 219, 235]]",-1.0,-1.0,"[25.11, 25.753, 26.221, 26.699, 26.504]"
999,76.8.213.231,"[[97, 75, 190], [97, 75, 188], [66, 219, 235]]",-1.0,-1.0,"[25.194, 25.846, 26.353, 26.833, 26.653]"
1000,76.8.213.231,"[[97, 75, 190], [97, 75, 188], [66, 219, 235]]",-1.0,-1.0,"[30.744, 26.062, 26.213, 28.334, 26.568]"
1001,76.8.213.231,"[[97, 75, 190], [97, 75, 188], [66, 219, 235]]",-1.0,-1.0,"[25.267, 25.86, 26.44, 26.918, 26.638]"
1002,76.8.213.231,"[[97, 75, 190], [97, 75, 188], [66, 219, 235]]",-1.0,-1.0,"[25.161, 25.956, 26.364, 26.749, 26.634]"
1003,76.8.213.231,"[[97, 75, 190], [97, 75, 188], [66, 219, 235]]",-1.0,-1.0,"[25.364, 25.8, 26.483, 26.703, 26.551]"
1004,76.8.213.231,"[[97, 75, 190], [97, 75, 188], [66, 219, 235]]",-1.0,-1.0,"[25.041, 25.859, 26.309, 26.649, 26.707]"
1005,76.8.213.231,"[[97, 75, 190], [97, 75, 188], [66, 219, 235]]",-1.0,-1.0,"[25.528, 25.785, 26.174, 27.451, 26.626]"
1006,76.8.213.231,"[[97, 75, 190], [97, 75, 188], [66, 219, 235]]",-1.0,-1.0,"[25.099, 26.011, 26.215, 26.876, 26.581]"
1007,76.8.213.231,"[[97, 75, 190], [97, 75, 188], [66, 219, 235]]",-1.0,-1.0,"[25.492, 25.881, 26.275, 26.554, 26.669]"
1008,76.8.213.231,"[[97, 75, 190], [97, 75, 188], [66, 219, 235]]",-1.0,-1.0,"[26.517, 26.145, 26.289, 26.436, 26.546]"
1009,76.8.213.231,"[[97, 75, 190], [97, 75, 188], [66, 219, 235]]",-1.0,-1.0,"[25.226, 25.775, 26.397, 26.587, 26.794]"
1010,76.8.213.231,"[[97, 75, 190], [97, 75, 188], [66, 219, 235]]",-1.0,-1.0,"[25.021, 25.778, 26.281, 26.544, 26.617]"
1011,76.8.213.231,"[[97, 75, 190], [97, 75, 188], [66, 219, 235]]",-1.0,-1.0,"[25.204, 25.854, 26.215, 26.736, 26.571]"
1012,76.8.213.231,"[[97, 75, 190], [97, 75, 188], [66, 219, 235]]",-1.0,-1.0,"[25.054, 26.222, 27.12, 26.503, 26.764]"
1013,76.8.213.231,"[[97, 75, 190], [97, 75, 188], [66, 219, 235]]",-1.0,-1.0,"[25.293, 25.87, 26.296, 26.842, 26.915]"
1014,76.8.213.231,"[[97, 75, 190], [97, 75, 188], [66, 219, 235]]",-1.0,-1.0,"[25.221, 25.79, 26.223, 26.749, 26.573]"
1015,76.8.213.231,"[[97, 75, 190], [97, 75, 188], [66, 219, 235]]",-1.0,-1.0,"[25.185, 25.989, 26.604, 30.776, 26.599]"
1016,76.8.213.231,"[[97, 75, 190], [97, 75, 188], [66, 219, 235]]",-1.0,-1.0,"[25.151, 25.76, 26.365, 26.46, 26.554]"
1017,76.8.213.231,"[[97, 75, 190], [97, 75, 188], [66, 219, 235]]",-1.0,-1.0,"[25.017, 25.914, 26.25, 26.636, 26.54]"
1018,76.8.213.231,"[[97, 75, 190], [97, 75, 188], [66, 219, 235]]",-1.0,-1.0,"[25.254, 25.794, 26.292, 26.647, 26.589]"
1019,76.8.213.231,"[[97, 75, 190], [97, 75, 188], [66, 219, 235]]",-1.0,-1.0,"[24.985, 25.893, 26.4, 26.478, 26.586]"
1020,76.8.213.231,"[[97, 75, 190], [97, 75, 188], [66, 219, 235]]",-1.0,-1.0,"[25.03, 25.869, 26.325, 26.888, 26.671]"
1021,76.8.213.231,"[[97, 75, 190], [97, 75, 188], [66, 219, 235]]",-1.0,-1.0,"[25.31, 25.828, 26.261, 26.626, 26.548]"
1022,76.8.213.231,"[[97, 75, 190], [97, 75, 188], [66, 219, 235]]",-1.0,-1.0,"[25.156, 25.874, 26.355, 26.493, 26.607]"
1023,76.8.213.231,"[[97, 75, 190], [97, 75, 188], [66, 219, 235]]",-1.0,-1.0,"[25.112, 25.865, 39.551, 26.602, 26.514]"
1024,76.8.213.231,"[[97, 75, 190], [97, 75, 188], [66, 219, 235]]",-1.0,-1.0,"[25.002, 25.81, 26.321, 27.051, 26.666]"
1025,76.8.213.231,"[[97, 75, 190], [97, 75, 188], [66, 219, 235]]",-1.0,-1.0,"[25.176, 25.838, 26.188, 26.746, 26.613]"
1026,76.8.213.231,"[[97, 75, 190], [97, 75, 188], [66, 219, 235]]",-1.0,-1.0,"[25.374, 25.849, 26.157, 26.593, 26.59]"
1027,76.8.213.231,"[[97, 75, 190], [97, 75, 188], [66, 219, 235]]",-1.0,-1.0,"[25.344, 25.997, 26.596, 26.512, 26.601]"
1028,76.8.213.231,"[[97, 75, 190], [97, 75, 188], [66, 219, 235]]",-1.0,-1.0,"[25.296, 25.876, 26.422, 29.891, 26.688]"
1029,76.8.213.231,"[[97, 75, 190], [97, 75, 188], [66, 219, 235]]",-1.0,-1.0,"[25.204, 26.073, 26.269, 26.843, 26.678]"
1030,76.8.213.231,"[[97, 75, 190], [97, 75, 188], [66, 219, 235]]",-1.0,-1.0,"[29.568, 26.185, 26.269, 26.779, 26.796]"
1031,76.8.213.231,"[[97, 75, 190], [97, 75, 188], [66, 219, 235]]",-1.0,-1.0,"[25.203, 28.515, 26.235, 26.58, 26.762]"
1032,76.8.213.231,"[[97, 75, 190], [97, 75, 188], [66, 219, 235]]",-1.0,-1.0,"[28.354, 28.944, 27.073, 27.069, 27.049]"
1033,76.8.213.231,"[[97, 75, 190], [97, 75, 188], [66, 219, 235]]",-1.0,-1.0,"[25.173, 25.807, 26.292, 26.526, 26.642]"
1034,76.8.213.231,"[[97, 75, 190], [97, 75, 188], [66, 219, 235]]",-1.0,-1.0,"[25.222, 26.11, 26.415, 26.532, 26.649]"
1035,76.8.213.231,"[[97, 75, 190], [97, 75, 188], [66, 219, 235]]",-1.0,-1.0,"[25.271, 26.669, 26.665, 26.662, 26.658]"
1036,76.8.213.231,"[[97, 75, 190], [97, 75, 188], [66, 219, 235]]",-1.0,-1.0,"[25.149, 37.246, 26.23, 26.37, 26.595]"
1037,76.8.213.231,"[[97, 75, 190], [97, 75, 188], [66, 219, 235]]",-1.0,-1.0,"[25.31, 25.85, 26.296, 27.767, 26.593]"
1038,76.8.213.231,"[[97, 75, 190], [97, 75, 188], [66, 219, 235]]",-1.0,-1.0,"[25.138, 25.982, 26.265, 26.448, 26.538]"
1039,76.8.213.231,"[[97, 75, 190], [97, 75, 188], [66, 219, 235]]",-1.0,-1.0,"[25.294, 26.009, 26.392, 26.423, 26.613]"
1040,76.8.213.231,"[[97, 75, 190], [97, 75, 188], [66, 219, 235]]",-1.0,-1.0,"[25.179, 25.822, 26.249, 26.539, 26.626]"
1041,76.8.213.231,"[[97, 75, 190], [97, 75, 188], [66, 219, 235]]",-1.0,-1.0,"[25.12, 25.884, 26.285, 26.603, 26.732]"
1042,76.8.213.231,"[[97, 75, 190], [97, 75, 188], [66, 219, 235]]",-1.0,-1.0,"[25.065, 26.175, 26.415, 26.603, 26.731]"
1043,76.8.213.231,"[[97, 75, 190], [97, 75, 188], [66, 219, 235]]",-1.0,-1.0,"[25.162, 25.947, 26.231, 26.425, 26.535]"
1044,76.8.213.231,"[[97, 75, 190], [97, 75, 188], [66, 219, 235]]",-1.0,-1.0,"[29.252, 29.248, 29.245, 29.242, 29.238]"
1045,76.8.213.231,"[[97, 75, 190], [97, 75, 188], [66, 219, 235]]",-1.0,-1.0,"[24.982, 26.018, 26.228, 26.421, 26.521]"
1046,76.8.213.231,"[[97, 75, 190], [97, 75, 188], [66, 219, 235]]",-1.0,-1.0,"[25.033, 25.982, 26.447, 30.66, 26.702]"
1047,76.8.213.231,"[[97, 75, 190], [97, 75, 188], [66, 219, 235]]",-1.0,-1.0,"[25.194, 26.205, 26.241, 26.526, 26.621]"
1048,76.8.213.231,"[[97, 75, 190], [97, 75, 188], [66, 219, 235]]",-1.0,-1.0,"[25.118, 25.806, 26.311, 26.469, 26.576]"
1049,76.8.213.231,"[[97, 75, 190], [97, 75, 188], [66, 219, 235]]",-1.0,-1.0,"[25.146, 26.432, 26.285, 26.775, 26.677]"
1050,76.8.213.231,"[[97, 75, 190], [97, 75, 188], [66, 219, 235]]",-1.0,-1.0,"[26.041, 26.166, 26.178, 26.851, 26.525]"
1051,76.8.213.231,"[[97, 75, 190], [97, 75, 188], [66, 219, 235]]",-1.0,-1.0,"[25.208, 29.579, 26.601, 26.991, 26.681]"
1052,76.8.213.231,"[[97, 75, 190], [97, 75, 188], [66, 219, 235]]",-1.0,-1.0,"[25.189, 26.123, 26.22, 26.765, 26.59]"
1053,76.8.213.231,"[[97, 75, 190], [97, 75, 188], [66, 219, 235]]",-1.0,-1.0,"[25.645, 32.634, 32.632, 32.628, 32.625]"
1054,76.8.213.231,"[[97, 75, 190], [97, 75, 188], [66, 219, 235]]",-1.0,-1.0,"[25.184, 35.794, 26.225, 27.29, 26.57]"
1055,76.8.213.231,"[[97, 75, 190], [97, 75, 188], [66, 219, 235]]",-1.0,-1.0,"[50.078, 31.32, 26.653, 26.727, 26.579]"
1056,76.8.213.231,"[[97, 75, 190], [97, 75, 188], [66, 219, 235]]",-1.0,-1.0,"[25.214, 26.108, 26.351, 26.866, 26.549]"
1057,76.8.213.231,"[[97, 75, 190], [97, 75, 188], [66, 219, 235]]",-1.0,-1.0,"[32.509, 26.557, 26.725, 26.722, 26.694]"
1058,76.8.213.231,"[[97, 75, 190], [97, 75, 188], [66, 219, 235]]",-1.0,-1.0,"[25.258, 25.849, 26.412, 26.526, 26.91]"
1059,76.8.213.231,"[[97, 75, 190], [97, 75, 188], [66, 219, 235]]",-1.0,-1.0,"[25.103, 26.01, 26.252, 26.551, 26.719]"
1060,76.8.213.231,"[[97, 75, 190], [97, 75, 188], [66, 219, 235]]",-1.0,-1.0,"[25.38, 26.794, 26.408, 26.565, 26.647]"
1061,76.8.213.231,"[[97, 75, 190], [97, 75, 188], [66, 219, 235]]",-1.0,-1.0,"[28.874, 29.502, 35.547, 35.543, 35.54]"
1062,76.8.213.231,"[[97, 75, 190], [97, 75, 188], [66, 219, 235]]",-1.0,-1.0,"[25.106, 25.885, 26.258, 26.64, 26.771]"
1063,76.8.213.231,"[[97, 75, 190], [97, 75, 188], [66, 219, 235]]",-1.0,-1.0,"[25.091, 25.89, 26.27, 27.608, 26.693]"
1064,76.8.213.231,"[[97, 75, 190], [97, 75, 188], [66, 219, 235]]",-1.0,-1.0,"[25.203, 25.896, 26.359, 26.666, 26.535]"
1065,76.8.213.231,"[[97, 75, 190], [97, 75, 188], [66, 219, 235]]",-1.0,-1.0,"[25.507, 26.291, 26.721, 26.96, 27.093]"
1066,76.8.213.231,"[[97, 75, 190], [97, 75, 188], [66, 219, 235]]",-1.0,-1.0,"[25.192, 25.812, 26.548, 26.571, 26.65]"
1067,76.8.213.231,"[[97, 75, 190], [97, 75, 188], [66, 219, 235]]",-1.0,-1.0,"[25.035, 25.963, 26.227, 26.642, 26.587]"
1068,76.8.213.231,"[[97, 75, 190], [97, 75, 188], [66, 219, 235]]",-1.0,-1.0,"[25.168, 26.13, 26.386, 26.751, 26.535]"
1069,76.8.213.231,"[[97, 75, 190], [97, 75, 188], [66, 219, 235]]",-1.0,-1.0,"[25.245, 25.923, 26.284, 26.412, 26.537]"
1070,76.8.213.231,"[[97, 75, 190], [97, 75, 188], [66, 219, 235]]",-1.0,-1.0,"[24.924, 25.832, 26.271, 26.546, 26.653]"
1071,76.8.213.231,"[[97, 75, 190], [97, 75, 188], [66, 219, 235]]",-1.0,-1.0,"[25.134, 25.763, 26.374, 26.517, 26.574]"
1072,76.8.213.231,"[[97, 75, 190], [97, 75, 188], [66, 219, 235]]",-1.0,-1.0,"[26.108, 34.086, 26.371, 26.485, 26.602]"
1073,76.8.213.231,"[[97, 75, 190], [97, 75, 188], [66, 219, 235]]",-1.0,-1.0,"[25.092, 26.037, 26.157, 26.549, 26.646]"
1074,76.8.213.231,"[[97, 75, 190], [97, 75, 188], [66, 219, 235]]",-1.0,-1.0,"[25.282, 25.977, 26.201, 26.454, 26.703]"
1075,76.8.213.231,"[[97, 75, 190], [97, 75, 188], [66, 219, 235]]",-1.0,-1.0,"[25.231, 25.988, 26.359, 26.564, 26.694]"
1076,76.8.213.231,"[[97, 75, 190], [97, 75, 188], [66, 219, 235]]",-1.0,-1.0,"[33.696, 27.21, 26.498, 27.1, 26.649]"
1077,76.8.213.231,"[[97, 75, 190], [97, 75, 188], [66, 219, 235]]",-1.0,-1.0,"[27.355, 26.373, 26.405, 26.547, 26.6]"
1078,76.8.213.231,"[[97, 75, 190], [97, 75, 188], [66, 219, 235]]",-1.0,-1.0,"[50.687, 25.998, 26.227, 26.461, 26.59]"
1079,76.8.213.231,"[[97, 75, 190], [97, 75, 188], [66, 219, 235]]",-1.0,-1.0,"[25.255, 25.983, 26.446, 26.594, 26.701]"
1080,76.8.213.231,"[[97, 75, 190], [97, 75, 188], [66, 219, 235]]",-1.0,-1.0,"[34.59, 26.243, 26.381, 27.726, 26.585]"
1081,76.8.213.231,"[[97, 75, 190], [97, 75, 188], [66, 219, 235]]",-1.0,-1.0,"[25.272, 25.822, 26.46, 26.457, 26.621]"
1082,76.8.213.231,"[[97, 75, 190], [97, 75, 188], [66, 219, 235]]",-1.0,-1.0,"[25.015, 25.803, 26.378, 26.724, 26.672]"
1083,76.8.213.231,"[[97, 75, 190], [97, 75, 188], [66, 219, 235]]",-1.0,-1.0,"[25.21, 26.02, 26.53, 26.837, 26.725]"
1084,76.8.213.231,"[[97, 75, 190], [97, 75, 188], [66, 219, 235]]",-1.0,-1.0,"[25.127, 25.947, 26.546, 26.691, 26.57]"
1085,76.8.213.231,"[[97, 75, 190], [97, 75, 188], [66, 219, 235]]",-1.0,-1.0,"[25.234, 25.768, 26.252, 28.36, 26.799]"
1086,76.8.213.231,"[[97, 75, 190], [97, 75, 188], [66, 219, 235]]",-1.0,-1.0,"[25.192, 25.911, 26.256, 28.545, 26.586]"
1087,76.8.213.231,"[[97, 75, 190], [97, 75, 188], [66, 219, 235]]",-1.0,-1.0,"[25.179, 25.872, 26.221, 26.841, 26.753]"
1088,76.8.213.231,"[[97, 75, 190], [97, 75, 188], [66, 219, 235]]",-1.0,-1.0,"[25.097, 25.85, 26.206, 40.423, 26.62]"
1089,76.8.213.231,"[[97, 75, 190], [97, 75, 188], [66, 219, 235]]",-1.0,-1.0,"[25.062, 25.799, 26.175, 26.538, 26.634]"
1090,76.8.213.231,"[[97, 75, 190], [97, 75, 188], [66, 219, 235]]",-1.0,-1.0,"[25.219, 25.813, 26.29, 26.654, 26.749]"
1091,76.8.213.231,"[[97, 75, 190], [97, 75, 188], [66, 219, 235]]",-1.0,-1.0,"[25.394, 28.033, 26.305, 26.501, 26.679]"
1092,76.8.213.231,"[[97, 75, 190], [97, 75, 188], [66, 219, 235]]",-1.0,-1.0,"[25.12, 27.016, 26.292, 31.1, 26.616]"
1093,76.8.213.231,"[[97, 75, 190], [97, 75, 188], [66, 219, 235]]",-1.0,-1.0,"[25.139, 25.73, 27.162, 27.185, 26.72]"
1094,76.8.213.231,"[[97, 75, 190], [97, 75, 188], [66, 219, 235]]",-1.0,-1.0,"[25.511, 26.132, 26.546, 29.513, 26.902]"
1095,76.8.213.231,"[[97, 75, 190], [97, 75, 188], [66, 219, 235]]",-1.0,-1.0,"[25.136, 28.212, 26.246, 26.599, 26.778]"
1096,76.8.213.231,"[[97, 75, 190], [97, 75, 188], [66, 219, 235]]",-1.0,-1.0,"[25.126, 27.59, 27.587, 26.481, 26.557]"
1097,76.8.213.231,"[[97, 75, 190], [97, 75, 188], [66, 219, 235]]",-1.0,-1.0,"[25.034, 25.975, 26.485, 27.685, 26.54]"
1098,76.8.213.231,"[[97, 75, 190], [97, 75, 188], [66, 219, 235]]",-1.0,-1.0,"[25.391, 25.889, 26.363, 26.684, 26.765]"
1099,76.8.213.231,"[[97, 75, 190], [97, 75, 188], [66, 219, 235]]",-1.0,-1.0,"[25.222, 30.051, 26.317, 26.533, 26.636]"
1100,76.8.213.231,"[[97, 75, 190], [97, 75, 188], [66, 219, 235]]",-1.0,-1.0,"[63.554, 26.132, 26.268, 26.565, 26.802]"
1101,76.8.213.231,"[[97, 75, 190], [97, 75, 188], [66, 219, 235]]",-1.0,-1.0,"[25.201, 25.85, 26.264, 26.473, 26.566]"
1102,76.8.213.231,"[[97, 75, 190], [97, 75, 188], [66, 219, 235]]",-1.0,-1.0,"[25.334, 25.782, 26.36, 26.474, 26.562]"
1103,76.8.213.231,"[[97, 75, 190], [97, 75, 188], [66, 219, 235]]",-1.0,-1.0,"[24.95, 25.773, 26.433, 26.482, 26.637]"
1104,76.8.213.231,"[[97, 75, 190], [97, 75, 188], [66, 219, 235]]",-1.0,-1.0,"[25.538, 26.084, 26.405, 26.637, 26.787]"
1105,76.8.213.231,"[[97, 75, 190], [97, 75, 188], [66, 219, 235]]",-1.0,-1.0,"[25.304, 26.002, 26.475, 26.829, 26.92]"
1106,76.8.213.231,"[[97, 75, 190], [97, 75, 188], [66, 219, 235]]",-1.0,-1.0,"[25.186, 26.056, 48.243, 26.846, 26.785]"
1107,76.8.213.231,"[[97, 75, 190], [97, 75, 188], [66, 219, 235]]",-1.0,-1.0,"[25.35, 25.772, 26.315, 26.835, 26.715]"
1108,76.8.213.231,"[[97, 75, 190], [97, 75, 188], [66, 219, 235]]",-1.0,-1.0,"[26.356, 26.27, 26.268, 26.84, 26.594]"
1109,76.8.213.231,"[[97, 75, 190], [97, 75, 188], [66, 219, 235]]",-1.0,-1.0,"[25.345, 25.934, 26.471, 26.805, 26.654]"
1110,76.8.213.231,"[[97, 75, 190], [97, 75, 188], [66, 219, 235]]",-1.0,-1.0,"[33.017, 26.232, 26.296, 26.915, 26.746]"
1111,76.8.213.231,"[[97, 75, 190], [97, 75, 188], [66, 219, 235]]",-1.0,-1.0,"[25.221, 25.746, 26.335, 26.666, 26.614]"
1112,76.8.213.231,"[[97, 75, 190], [97, 75, 188], [66, 219, 235]]",-1.0,-1.0,"[25.128, 25.844, 26.313, 26.7, 26.828]"
1113,76.8.213.231,"[[97, 75, 190], [97, 75, 188], [66, 219, 235]]",-1.0,-1.0,"[25.154, 26.051, 26.193, 26.43, 26.504]"
1114,76.8.213.231,"[[97, 75, 190], [97, 75, 188], [66, 219, 235]]",-1.0,-1.0,"[25.184, 25.888, 26.229, 26.659, 26.761]"
1115,76.8.213.231,"[[97, 75, 190], [97, 75, 188], [66, 219, 235]]",-1.0,-1.0,"[25.678, 25.818, 26.384, 26.889, 26.705]"
1116,76.8.213.231,"[[97, 75, 190], [97, 75, 188], [66, 219, 235]]",-1.0,-1.0,"[25.105, 25.787, 26.343, 26.706, 26.572]"
1117,76.8.213.231,"[[97, 75, 190], [97, 75, 188], [66, 219, 235]]",-1.0,-1.0,"[25.177, 26.211, 26.359, 26.774, 26.639]"
1118,76.8.213.231,"[[97, 75, 190], [97, 75, 188], [66, 219, 235]]",-1.0,-1.0,"[25.121, 25.856, 38.888, 26.929, 26.575]"
1119,76.8.213.231,"[[97, 75, 190], [97, 75, 188], [66, 219, 235]]",-1.0,-1.0,"[25.089, 25.884, 26.299, 26.639, 26.764]"
1120,76.8.213.231,"[[97, 75, 190], [97, 75, 188], [66, 219, 235]]",-1.0,-1.0,"[25.967, 32.245, 26.624, 26.8, 26.877]"
1121,76.8.213.231,"[[97, 75, 190], [97, 75, 188], [66, 219, 235]]",-1.0,-1.0,"[25.22, 25.873, 26.252, 26.817, 26.693]"
1122,76.8.213.231,"[[97, 75, 190], [97, 75, 188], [66, 219, 235]]",-1.0,-1.0,"[25.065, 25.825, 26.192, 26.73, 26.581]"
1123,76.8.213.231,"[[97, 75, 190], [97, 75, 188], [66, 219, 235]]",-1.0,-1.0,"[25.176, 25.847, 26.368, 28.111, 26.698]"
1124,76.8.213.231,"[[97, 75, 190], [97, 75, 188], [66, 219, 235]]",-1.0,-1.0,"[25.244, 25.765, 26.274, 26.858, 26.663]"
1125,76.8.213.231,"[[97, 75, 190], [97, 75, 188], [66, 219, 235]]",-1.0,-1.0,"[25.05, 25.854, 26.322, 26.635, 26.703]"
1126,76.8.213.231,"[[97, 75, 190], [97, 75, 188], [66, 219, 235]]",-1.0,-1.0,"[25.073, 26.029, 26.498, 26.539, 26.649]"
1127,76.8.213.231,"[[97, 75, 190], [97, 75, 188], [66, 219, 235]]",-1.0,-1.0,"[25.018, 25.899, 26.207, 27.703, 26.579]"
1128,76.8.213.231,"[[97, 75, 190], [97, 75, 188], [66, 219, 235]]",-1.0,-1.0,"[25.744, 26.053, 26.51, 27.453, 26.708]"
1129,76.8.213.231,"[[97, 75, 190], [97, 75, 188], [66, 219, 235]]",-1.0,-1.0,"[26.178, 26.174, 26.396, 26.94, 26.774]"
1130,76.8.213.231,"[[97, 75, 190], [97, 75, 188], [66, 219, 235]]",-1.0,-1.0,"[25.216, 25.842, 26.306, 26.563, 26.663]"
1131,76.8.213.231,"[[97, 75, 190], [97, 75, 188], [66, 219, 235]]",-1.0,-1.0,"[25.055, 26.281, 26.203, 26.459, 26.648]"
1132,76.8.213.231,"[[97, 75, 190], [97, 75, 188], [66, 219, 235]]",-1.0,-1.0,"[25.221, 25.824, 27.367, 26.804, 26.673]"
1133,76.8.213.231,"[[97, 75, 190], [97, 75, 188], [66, 219, 235]]",-1.0,-1.0,"[25.28, 26.082, 27.138, 26.652, 26.542]"
1134,76.8.213.231,"[[97, 75, 190], [97, 75, 188], [66, 219, 235]]",-1.0,-1.0,"[25.399, 26.076, 26.306, 26.804, 26.695]"
1135,76.8.213.231,"[[97, 75, 190], [97, 75, 188], [66, 219, 235]]",-1.0,-1.0,"[25.137, 25.759, 26.29, 26.557, 26.637]"
1136,76.8.213.231,"[[97, 75, 190], [97, 75, 188], [66, 219, 235]]",-1.0,-1.0,"[24.972, 25.764, 26.551, 26.675, 26.762]"
1137,76.8.213.231,"[[97, 75, 190], [97, 75, 188], [66, 219, 235]]",-1.0,-1.0,"[25.301, 25.831, 26.435, 26.597, 26.917]"
1138,76.8.213.231,"[[97, 75, 190], [97, 75, 188], [66, 219, 235]]",-1.0,-1.0,"[25.034, 25.794, 26.242, 26.708, 26.594]"
1139,76.8.213.231,"[[97, 75, 190], [97, 75, 188], [66, 219, 235]]",-1.0,-1.0,"[25.872, 26.011, 26.411, 30.159, 26.518]"
1140,76.8.213.231,"[[97, 75, 190], [97, 75, 188], [66, 219, 235]]",-1.0,-1.0,"[25.383, 25.82, 26.209, 26.879, 26.778]"
1141,76.8.213.231,"[[97, 75, 190], [97, 75, 188], [66, 219, 235]]",-1.0,-1.0,"[25.206, 25.838, 26.192, 26.656, 26.537]"
1142,76.8.213.231,"[[97, 75, 190], [97, 75, 188], [66, 219, 235]]",-1.0,-1.0,"[24.917, 31.24, 29.931, 26.688, 26.599]"
1143,76.8.213.231,"[[97, 75, 190], [97, 75, 188], [66, 219, 235]]",-1.0,-1.0,"[25.087, 25.846, 26.227, 26.672, 26.565]"
1144,76.8.213.231,"[[97, 75, 190], [97, 75, 188], [66, 219, 235]]",-1.0,-1.0,"[25.135, 25.732, 26.272, 26.94, 26.567]"
1145,76.8.213.231,"[[97, 75, 190], [97, 75, 188], [66, 219, 235]]",-1.0,-1.0,"[25.046, 25.725, 26.256, 26.864, 26.651]"
1146,76.8.213.231,"[[97, 75, 190], [97, 75, 188], [66, 219, 235]]",-1.0,-1.0,"[25.668, 25.813, 26.17, 34.826, 26.619]"
1147,76.8.213.231,"[[97, 75, 190], [97, 75, 188], [66, 219, 235]]",-1.0,-1.0,"[25.358, 25.801, 26.224, 26.819, 26.679]"
1148,76.8.213.231,"[[97, 75, 190], [97, 75, 188], [66, 219, 235]]",-1.0,-1.0,"[25.687, 29.427, 26.312, 26.709, 26.584]"
1149,76.8.213.231,"[[97, 75, 190], [97, 75, 188], [66, 219, 235]]",-1.0,-1.0,"[25.207, 26.024, 26.277, 38.337, 26.599]"
1150,76.8.213.231,"[[97, 75, 190], [97, 75, 188], [66, 219, 235]]",-1.0,-1.0,"[25.028, 25.831, 26.197, 26.449, 26.56]"
1151,76.8.213.231,"[[97, 75, 190], [97, 75, 188], [66, 219, 235]]",-1.0,-1.0,"[25.437, 25.816, 26.324, 26.477, 26.596]"
1152,76.8.213.231,"[[97, 75, 190], [97, 75, 188], [66, 219, 235]]",-1.0,-1.0,"[25.111, 25.825, 28.833, 26.532, 26.649]"
1153,76.8.213.231,"[[97, 75, 190], [97, 75, 188], [66, 219, 235]]",-1.0,-1.0,"[25.346, 25.821, 26.326, 27.246, 26.619]"
1154,76.8.213.231,"[[97, 75, 190], [97, 75, 188], [66, 219, 235]]",-1.0,-1.0,"[25.405, 25.808, 26.298, 28.212, 26.659]"
1155,76.8.213.231,"[[97, 75, 190], [97, 75, 188], [66, 219, 235]]",-1.0,-1.0,"[25.133, 26.044, 26.225, 26.648, 26.546]"
1156,76.8.213.231,"[[97, 75, 190], [97, 75, 188], [66, 219, 235]]",-1.0,-1.0,"[25.293, 25.98, 26.627, 26.963, 26.893]"
1157,76.8.213.231,"[[97, 75, 190], [97, 75, 188], [66, 219, 235]]",-1.0,-1.0,"[25.308, 25.83, 26.316, 26.75, 26.689]"
1158,76.8.213.231,"[[97, 75, 190], [97, 75, 188], [66, 219, 235]]",-1.0,-1.0,"[25.086, 25.959, 26.366, 26.654, 26.544]"
1159,76.8.213.231,"[[97, 75, 190], [97, 75, 188], [66, 219, 235]]",-1.0,-1.0,"[25.153, 25.942, 26.245, 28.173, 26.598]"
1160,76.8.213.231,"[[97, 75, 190], [97, 75, 188], [66, 219, 235]]",-1.0,-1.0,"[25.15, 26.087, 26.282, 26.634, 26.514]"
1161,76.8.213.231,"[[97, 75, 190], [97, 75, 188], [66, 219, 235]]",-1.0,-1.0,"[25.129, 25.726, 26.235, 26.717, 26.567]"
1162,76.8.213.231,"[[97, 75, 190], [97, 75, 188], [66, 219, 235]]",-1.0,-1.0,"[34.895, 27.494, 27.49, 27.486, 27.483]"
1163,76.8.213.231,"[[97, 75, 190], [97, 75, 188], [66, 219, 235]]",-1.0,-1.0,"[25.615, 25.986, 26.212, 27.638, 26.704]"
1164,76.8.213.231,"[[97, 75, 190], [97, 75, 188], [66, 219, 235]]",-1.0,-1.0,"[27.173, 26.312, 26.46, 26.933, 26.687]"
1165,76.8.213.231,"[[97, 75, 190], [97, 75, 188], [66, 219, 235]]",-1.0,-1.0,"[25.096, 25.839, 26.32, 26.991, 26.521]"
1166,76.8.213.231,"[[97, 75, 190], [97, 75, 188], [66, 219, 235]]",-1.0,-1.0,"[25.132, 25.792, 26.348, 26.538, 26.641]"
1167,76.8.213.231,"[[97, 75, 190], [97, 75, 188], [66, 219, 235]]",-1.0,-1.0,"[25.36, 26.545, 26.282, 26.511, 26.672]"
1168,76.8.213.231,"[[97, 75, 190], [97, 75, 188], [66, 219, 235]]",-1.0,-1.0,"[25.357, 26.007, 26.236, 26.51, 26.601]"
1169,76.8.213.231,"[[97, 75, 190], [97, 75, 188], [66, 219, 235]]",-1.0,-1.0,"[25.159, 25.993, 26.213, 26.694, 26.691]"
1170,76.8.213.231,"[[97, 75, 190], [97, 75, 188], [66, 219, 235]]",-1.0,-1.0,"[25.168, 25.912, 26.245, 26.692, 26.637]"
1171,76.8.213.231,"[[97, 75, 190], [97, 75, 188], [66, 219, 235]]",-1.0,-1.0,"[25.214, 26.058, 26.197, 26.498, 26.613]"
1172,76.8.213.231,"[[97, 75, 190], [97, 75, 188], [66, 219, 235]]",-1.0,-1.0,"[25.324, 25.817, 26.297, 28.015, 26.702]"
1173,76.8.213.231,"[[97, 75, 190], [97, 75, 188], [66, 219, 235]]",-1.0,-1.0,"[25.251, 25.915, 26.493, 31.929, 26.599]"
1174,76.8.213.231,"[[97, 75, 190], [97, 75, 188], [66, 219, 235]]",-1.0,-1.0,"[25.124, 26.472, 26.438, 26.576, 26.697]"
1175,76.8.213.231,"[[97, 75, 190], [97, 75, 188], [66, 219, 235]]",-1.0,-1.0,"[25.129, 25.804, 26.969, 26.5, 26.636]"
1176,76.8.213.231,"[[97, 75, 190], [97, 75, 188], [66, 219, 235]]",-1.0,-1.0,"[27.486, 26.319, 26.321, 26.447, 26.558]"
1177,76.8.213.231,"[[97, 75, 190], [97, 75, 188], [66, 219, 235]]",-1.0,-1.0,"[25.998, 25.994, 29.968, 29.962, 29.952]"
1178,76.8.213.231,"[[97, 75, 190], [97, 75, 188], [66, 219, 235]]",-1.0,-1.0,"[25.031, 25.756, 26.324, 28.36, 26.566]"
1179,76.8.213.231,"[[97, 75, 190], [97, 75, 188], [66, 219, 235]]",-1.0,-1.0,"[25.093, 26.303, 26.27, 26.487, 26.566]"
1180,76.8.213.231,"[[97, 75, 190], [97, 75, 188], [66, 219, 235]]",-1.0,-1.0,"[25.126, 25.923, 26.407, 26.44, 26.588]"
1181,76.8.213.231,"[[97, 75, 190], [97, 75, 188], [66, 219, 235]]",-1.0,-1.0,"[25.144, 26.06, 26.267, 26.743, 26.619]"
1182,76.8.213.231,"[[97, 75, 190], [97, 75, 188], [66, 219, 235]]",-1.0,-1.0,"[25.179, 25.763, 26.353, 26.511, 26.645]"
1183,76.8.213.231,"[[97, 75, 190], [97, 75, 188], [66, 219, 235]]",-1.0,-1.0,"[25.191, 25.815, 26.214, 26.452, 26.622]"
1184,76.8.213.231,"[[97, 75, 190], [97, 75, 188], [66, 219, 235]]",-1.0,-1.0,"[25.38, 26.048, 26.269, 26.525, 26.561]"
1185,76.8.213.231,"[[97, 75, 190], [97, 75, 188], [66, 219, 235]]",-1.0,-1.0,"[25.114, 25.92, 26.24, 26.83, 26.583]"
1186,76.8.213.231,"[[97, 75, 190], [97, 75, 188], [66, 219, 235]]",-1.0,-1.0,"[25.93, 26.117, 26.437, 28.047, 26.603]"
1187,76.8.213.231,"[[97, 75, 190], [97, 75, 188], [66, 219, 235]]",-1.0,-1.0,"[25.077, 25.982, 26.22, 26.512, 26.659]"
1188,76.8.213.231,"[[97, 75, 190], [97, 75, 188], [66, 219, 235]]",-1.0,-1.0,"[25.201, 27.316, 26.224, 26.66, 26.569]"
1189,76.8.213.231,"[[97, 75, 190], [97, 75, 188], [66, 219, 235]]",-1.0,-1.0,"[25.256, 25.828, 26.396, 26.923, 26.795]"
1190,76.8.213.231,"[[97, 75, 190], [97, 75, 188], [66, 219, 235]]",-1.0,-1.0,"[25.058, 26.069, 26.642, 26.799, 26.525]"
1191,76.8.213.231,"[[97, 75, 190], [97, 75, 188], [66, 219, 235]]",-1.0,-1.0,"[25.339, 25.989, 26.187, 26.493, 26.552]"
1192,76.8.213.231,"[[97, 75, 190], [97, 75, 188], [66, 219, 235]]",-1.0,-1.0,"[25.241, 25.896, 26.461, 26.825, 26.92]"
1193,76.8.213.231,"[[97, 75, 190], [97, 75, 188], [66, 219, 235]]",-1.0,-1.0,"[25.067, 25.893, 26.331, 26.63, 26.765]"
1194,76.8.213.231,"[[97, 75, 190], [97, 75, 188], [66, 219, 235]]",-1.0,-1.0,"[25.222, 25.744, 42.11, 26.548, 26.732]"
1195,76.8.213.231,"[[97, 75, 190], [97, 75, 188], [66, 219, 235]]",-1.0,-1.0,"[25.439, 25.844, 26.422, 26.646, 26.705]"
1196,76.8.213.231,"[[97, 75, 190], [97, 75, 188], [66, 219, 235]]",-1.0,-1.0,"[25.138, 25.913, 26.257, 26.495, 26.717]"
1197,76.8.213.231,"[[97, 75, 190], [97, 75, 188], [66, 219, 235]]",-1.0,-1.0,"[25.157, 26.053, 26.409, 26.686, 26.574]"
1198,76.8.213.231,"[[97, 75, 190], [97, 75, 188], [66, 219, 235]]",-1.0,-1.0,"[25.267, 25.793, 26.949, 26.539, 26.719]"
1199,76.8.213.231,"[[97, 75, 190], [97, 75, 188], [66, 219, 235]]",-1.0,-1.0,"[25.277, 25.948, 26.414, 27.851, 26.602]"
1200,76.8.213.231,"[[97, 75, 190], [97, 75, 188], [66, 219, 235]]",-1.0,-1.0,"[25.086, 27.452, 26.252, 26.599, 26.646]"
1201,76.8.213.231,"[[97, 75, 190], [97, 75, 188], [66, 219, 235]]",-1.0,-1.0,"[25.239, 25.874, 26.202, 26.806, 26.601]"
1202,76.8.213.231,"[[97, 75, 190], [97, 75, 188], [66, 219, 235]]",-1.0,-1.0,"[25.224, 25.958, 26.376, 26.708, 26.571]"
1203,76.8.213.231,"[[97, 75, 190], [97, 75, 188], [66, 219, 235]]",-1.0,-1.0,"[26.65, 26.647, 30.443, 30.441, 26.739]"
1204,76.8.213.231,"[[97, 75, 190], [97, 75, 188], [66, 219, 235]]",-1.0,-1.0,"[25.321, 26.335, 26.441, 26.774, 26.62]"
1205,76.8.213.231,"[[97, 75, 190], [97, 75, 188], [66, 219, 235]]",-1.0,-1.0,"[25.124, 25.742, 26.455, 26.685, 26.602]"
1206,76.8.213.231,"[[97, 75, 190], [97, 75, 188], [66, 219, 235]]",-1.0,-1.0,"[25.162, 25.867, 26.388, 49.944, 26.728]"
1207,76.8.213.231,"[[97, 75, 190], [97, 75, 188], [66, 219, 235]]",-1.0,-1.0,"[25.255, 25.988, 37.103, 26.694, 26.807]"
1208,76.8.213.231,"[[97, 75, 190], [97, 75, 188], [66, 219, 235]]",-1.0,-1.0,"[25.592, 27.603, 26.904, 39.208, 27.051]"
1209,76.8.213.231,"[[97, 75, 190], [97, 75, 188], [66, 219, 235]]",-1.0,-1.0,"[25.002, 25.834, 26.317, 26.667, 26.517]"
1210,76.8.213.231,"[[97, 75, 190], [97, 75, 188], [66, 219, 235]]",-1.0,-1.0,"[25.08, 25.971, 26.195, 26.48, 26.578]"
1211,76.8.213.231,"[[97, 75, 190], [97, 75, 188], [66, 219, 235]]",-1.0,-1.0,"[25.356, 26.108, 26.459, 26.567, 26.562]"
1212,76.8.213.231,"[[97, 75, 190], [97, 75, 188], [66, 219, 235]]",-1.0,-1.0,"[25.042, 25.88, 26.308, 26.74, 26.639]"
1213,76.8.213.231,"[[97, 75, 190], [97, 75, 188], [66, 219, 235]]",-1.0,-1.0,"[25.163, 25.85, 26.282, 26.482, 26.767]"
1214,76.8.213.231,"[[97, 75, 190], [97, 75, 188], [66, 219, 235]]",-1.0,-1.0,"[25.289, 25.959, 26.304, 26.8, 26.711]"
1215,76.8.213.231,"[[97, 75, 190], [97, 75, 188], [66, 219, 235]]",-1.0,-1.0,"[25.142, 26.068, 29.118, 26.612, 26.747]"
1216,76.8.213.231,"[[97, 75, 190], [97, 75, 188], [66, 219, 235]]",-1.0,-1.0,"[25.062, 25.94, 26.205, 26.611, 26.688]"
1217,76.8.213.231,"[[97, 75, 190], [97, 75, 188], [66, 219, 235]]",-1.0,-1.0,"[25.198, 25.813, 26.303, 26.677, 26.569]"
1218,76.8.213.231,"[[97, 75, 190], [97, 75, 188], [66, 219, 235]]",-1.0,-1.0,"[25.111, 25.85, 26.356, 26.493, 26.606]"
1219,76.8.213.231,"[[97, 75, 190], [97, 75, 188], [66, 219, 235]]",-1.0,-1.0,"[25.908, 25.965, 26.283, 26.494, 26.652]"
1220,76.8.213.231,"[[97, 75, 190], [97, 75, 188], [66, 219, 235]]",-1.0,-1.0,"[25.147, 25.953, 26.222, 26.509, 26.62]"
1221,76.8.213.231,"[[97, 75, 190], [97, 75, 188], [66, 219, 235]]",-1.0,-1.0,"[25.323, 25.772, 26.315, 26.529, 26.59]"
1222,76.8.213.231,"[[97, 75, 190], [97, 75, 188], [66, 219, 235]]",-1.0,-1.0,"[25.199, 25.867, 26.259, 26.614, 26.567]"
1223,76.8.213.231,"[[97, 75, 190], [97, 75, 188], [66, 219, 235]]",-1.0,-1.0,"[25.223, 25.812, 28.481, 26.625, 26.767]"
1224,76.8.213.231,"[[97, 75, 190], [97, 75, 188], [66, 219, 235]]",-1.0,-1.0,"[26.258, 26.182, 26.355, 26.51, 26.583]"
1225,76.8.213.231,"[[97, 75, 190], [97, 75, 188], [66, 219, 235]]",-1.0,-1.0,"[25.276, 26.024, 26.418, 26.416, 26.587]"
1226,76.8.213.231,"[[97, 75, 190], [97, 75, 188], [66, 219, 235]]",-1.0,-1.0,"[24.992, 25.794, 37.404, 26.486, 26.566]"
1227,76.8.213.231,"[[97, 75, 190], [97, 75, 188], [66, 219, 235]]",-1.0,-1.0,"[25.255, 27.108, 26.489, 27.954, 26.688]"
1228,76.8.213.231,"[[97, 75, 190], [97, 75, 188], [66, 219, 235]]",-1.0,-1.0,"[25.25, 25.843, 26.435, 26.553, 26.62]"
1229,76.8.213.231,"[[97, 75, 190], [97, 75, 188], [66, 219, 235]]",-1.0,-1.0,"[25.223, 25.825, 26.479, 26.611, 26.608]"
1230,76.8.213.231,"[[97, 75, 190], [97, 75, 188], [66, 219, 235]]",-1.0,-1.0,"[27.239, 27.234, 27.23, 27.461, 27.47]"
1231,76.8.213.231,"[[97, 75, 190], [97, 75, 188], [66, 219, 235]]",-1.0,-1.0,"[25.182, 26.04, 26.345, 26.477, 26.561]"
1232,76.8.213.231,"[[97, 75, 190], [97, 75, 188], [66, 219, 235]]",-1.0,-1.0,"[25.386, 26.266, 26.824, 26.839, 26.907]"
1233,76.8.213.231,"[[97, 75, 190], [97, 75, 188], [66, 219, 235]]",-1.0,-1.0,"[25.297, 25.787, 26.196, 26.612, 26.608]"
1234,76.8.213.231,"[[97, 75, 190], [97, 75, 188], [66, 219, 235]]",-1.0,-1.0,"[24.991, 25.992, 27.11, 26.49, 26.662]"
1235,76.8.213.231,"[[97, 75, 190], [97, 75, 188], [66, 219, 235]]",-1.0,-1.0,"[24.992, 25.965, 26.227, 26.464, 26.715]"
1236,76.8.213.231,"[[97, 75, 190], [97, 75, 188], [66, 219, 235]]",-1.0,-1.0,"[25.204, 25.92, 27.917, 26.485, 26.587]"
1237,76.8.213.231,"[[97, 75, 190], [97, 75, 188], [66, 219, 235]]",-1.0,-1.0,"[25.298, 25.891, 26.374, 26.69, 26.6]"
1238,76.8.213.231,"[[97, 75, 190], [97, 75, 188], [66, 219, 235]]",-1.0,-1.0,"[25.236, 25.812, 27.665, 26.736, 26.57]"
1239,76.8.213.231,"[[97, 75, 190], [97, 75, 188], [66, 219, 235]]",-1.0,-1.0,"[25.176, 27.94, 26.23, 26.819, 26.522]"
1240,76.8.213.231,"[[97, 75, 190], [97, 75, 188], [66, 219, 235]]",-1.0,-1.0,"[25.228, 25.796, 26.32, 26.434, 26.59]"
1241,76.8.213.231,"[[97, 75, 190], [97, 75, 188], [66, 219, 235]]",-1.0,-1.0,"[25.349, 25.965, 65.737, 26.455, 26.674]"
1242,76.8.213.231,"[[97, 75, 190], [97, 75, 188], [66, 219, 235]]",-1.0,-1.0,"[25.196, 26.078, 26.26, 26.58, 26.696]"
1243,76.8.213.231,"[[97, 75, 190], [97, 75, 188], [66, 219, 235]]",-1.0,-1.0,"[25.151, 25.801, 26.368, 26.5, 26.571]"
1244,76.8.213.231,"[[97, 75, 190], [97, 75, 188], [66, 219, 235]]",-1.0,-1.0,"[25.713, 25.747, 26.162, 26.433, 26.551]"
1245,76.8.213.231,"[[97, 75, 190], [97, 75, 188], [66, 219, 235]]",-1.0,-1.0,"[25.385, 25.735, 26.234, 26.471, 26.615]"
1246,76.8.213.231,"[[97, 75, 190], [97, 75, 188], [66, 219, 235]]",-1.0,-1.0,"[25.273, 25.964, 26.346, 26.681, 26.76]"
1247,76.8.213.231,"[[97, 75, 190], [97, 75, 188], [66, 219, 235]]",-1.0,-1.0,"[25.591, 25.883, 26.372, 27.757, 27.754]"
1248,76.8.213.231,"[[97, 75, 190], [97, 75, 188], [66, 219, 235]]",-1.0,-1.0,"[25.168, 26.952, 26.4, 26.666, 26.56]"
1249,76.8.213.231,"[[97, 75, 190], [97, 75, 188], [66, 219, 235]]",-1.0,-1.0,"[25.236, 25.927, 26.297, 26.776, 26.591]"
1250,76.8.213.231,"[[97, 75, 190], [97, 75, 188], [66, 219, 235]]",-1.0,-1.0,"[25.001, 25.806, 26.29, 26.522, 26.679]"
1251,76.8.213.231,"[[97, 75, 190], [97, 75, 188], [66, 219, 235]]",-1.0,-1.0,"[24.995, 25.796, 26.408, 26.5, 26.611]"
1252,76.8.213.231,"[[97, 75, 190], [97, 75, 188], [66, 219, 235]]",-1.0,-1.0,"[26.801, 26.074, 26.455, 26.61, 26.552]"
1253,76.8.213.231,"[[97, 75, 190], [97, 75, 188], [66, 219, 235]]",-1.0,-1.0,"[25.17, 25.824, 26.228, 26.635, 26.748]"
1254,76.8.213.231,"[[97, 75, 190], [97, 75, 188], [66, 219, 235]]",-1.0,-1.0,"[26.204, 26.2, 26.38, 26.511, 26.697]"
1255,76.8.213.231,"[[97, 75, 190], [97, 75, 188], [66, 219, 235]]",-1.0,-1.0,"[25.448, 25.793, 26.291, 26.62, 26.715]"
1256,76.8.213.231,"[[97, 75, 190], [97, 75, 188], [66, 219, 235]]",-1.0,-1.0,"[25.201, 25.953, 26.291, 26.666, 26.736]"
1257,76.8.213.231,"[[97, 75, 190], [97, 75, 188], [66, 219, 235]]",-1.0,-1.0,"[34.328, 31.937, 31.934, 34.316, 32.09]"
1258,76.8.213.231,"[[97, 75, 190], [97, 75, 188], [66, 219, 235]]",-1.0,-1.0,"[25.136, 25.786, 26.243, 26.484, 26.604]"
1259,76.8.213.231,"[[97, 75, 190], [97, 75, 188], [66, 219, 235]]",-1.0,-1.0,"[25.195, 25.767, 26.328, 26.477, 26.546]"
1260,76.8.213.231,"[[97, 75, 190], [97, 75, 188], [66, 219, 235]]",-1.0,-1.0,"[25.227, 25.919, 26.211, 34.286, 26.692]"
1261,76.8.213.231,"[[97, 75, 190], [97, 75, 188], [66, 219, 235]]",-1.0,-1.0,"[25.04, 25.804, 26.228, 27.199, 26.606]"
1262,76.8.213.231,"[[97, 75, 190], [97, 75, 188], [66, 219, 235]]",-1.0,-1.0,"[25.291, 25.941, 26.3, 26.928, 26.663]"
1263,76.8.213.231,"[[97, 75, 190], [97, 75, 188], [66, 219, 235]]",-1.0,-1.0,"[25.063, 25.854, 26.405, 26.712, 26.624]"
1264,76.8.213.231,"[[97, 75, 190], [97, 75, 188], [66, 219, 235]]",-1.0,-1.0,"[25.191, 25.867, 26.418, 26.875, 26.575]"
1265,76.8.213.231,"[[97, 75, 190], [97, 75, 188], [66, 219, 235]]",-1.0,-1.0,"[25.26, 25.974, 26.43, 26.76, 26.578]"
1266,76.8.213.231,"[[97, 75, 190], [97, 75, 188], [66, 219, 235]]",-1.0,-1.0,"[25.014, 25.801, 26.355, 26.719, 26.592]"
1267,76.8.213.231,"[[97, 75, 190], [97, 75, 188], [66, 219, 235]]",-1.0,-1.0,"[25.194, 25.979, 26.252, 26.683, 26.679]"
1268,76.8.213.231,"[[97, 75, 190], [97, 75, 188], [66, 219, 235]]",-1.0,-1.0,"[25.087, 25.796, 26.263, 39.417, 26.562]"
1269,76.8.213.231,"[[97, 75, 190], [97, 75, 188], [66, 219, 235]]",-1.0,-1.0,"[25.085, 28.746, 26.481, 28.741, 26.592]"
1270,76.8.213.231,"[[97, 75, 190], [97, 75, 188], [66, 219, 235]]",-1.0,-1.0,"[25.23, 25.932, 26.447, 26.797, 26.587]"
1271,76.8.213.231,"[[97, 75, 190], [97, 75, 188], [66, 219, 235]]",-1.0,-1.0,"[25.188, 32.494, 26.338, 26.996, 26.529]"
1272,76.8.213.231,"[[97, 75, 190], [97, 75, 188], [66, 219, 235]]",-1.0,-1.0,"[25.506, 27.126, 26.417, 26.882, 26.757]"
1273,76.8.213.231,"[[97, 75, 190], [97, 75, 188], [66, 219, 235]]",-1.0,-1.0,"[25.382, 25.738, 26.273, 26.823, 26.598]"
1274,76.8.213.231,"[[97, 75, 190], [97, 75, 188], [66, 219, 235]]",-1.0,-1.0,"[27.112, 26.259, 26.364, 26.852, 26.539]"
1275,76.8.213.231,"[[97, 75, 190], [97, 75, 188], [66, 219, 235]]",-1.0,-1.0,"[25.321, 25.952, 26.507, 26.799, 26.588]"
1276,76.8.213.231,"[[97, 75, 190], [97, 75, 188], [66, 219, 235]]",-1.0,-1.0,"[25.115, 25.953, 26.18, 26.506, 26.712]"
1277,76.8.213.231,"[[97, 75, 190], [97, 75, 188], [66, 219, 235]]",-1.0,-1.0,"[25.218, 25.861, 26.322, 26.547, 26.66]"
1278,76.8.213.231,"[[97, 75, 190], [97, 75, 188], [66, 219, 235]]",-1.0,-1.0,"[25.147, 25.787, 26.282, 26.516, 26.559]"
1279,76.8.213.231,"[[97, 75, 190], [97, 75, 188], [66, 219, 235]]",-1.0,-1.0,"[25.224, 25.864, 26.53, 26.637, 26.746]"
1280,76.8.213.231,"[[97, 75, 190], [97, 75, 188], [66, 219, 235]]",-1.0,-1.0,"[26.072, 26.095, 26.359, 26.714, 26.562]"
1281,76.8.213.231,"[[97, 75, 190], [97, 75, 188], [66, 219, 235]]",-1.0,-1.0,"[25.121, 25.945, 26.254, 26.728, 26.655]"
1282,76.8.213.231,"[[97, 75, 190], [97, 75, 188], [66, 219, 235]]",-1.0,-1.0,"[25.049, 25.94, 26.239, 46.707, 26.603]"
1283,76.8.213.231,"[[97, 75, 190], [97, 75, 188], [66, 219, 235]]",-1.0,-1.0,"[25.176, 25.905, 26.172, 26.639, 26.739]"
1284,76.8.213.231,"[[97, 75, 190], [97, 75, 188], [66, 219, 235]]",-1.0,-1.0,"[25.135, 25.843, 26.444, 26.481, 26.572]"
1285,76.8.213.231,"[[97, 75, 190], [97, 75, 188], [66, 219, 235]]",-1.0,-1.0,"[25.109, 25.779, 26.239, 26.495, 26.708]"
1286,76.8.213.231,"[[97, 75, 190], [97, 75, 188], [66, 219, 235]]",-1.0,-1.0,"[38.3, 26.621, 26.744, 26.58, 26.736]"
1287,76.8.213.231,"[[97, 75, 190], [97, 75, 188], [66, 219, 235]]",-1.0,-1.0,"[25.222, 25.76, 26.32, 26.502, 26.641]"
1288,76.8.213.231,"[[97, 75, 190], [97, 75, 188], [66, 219, 235]]",-1.0,-1.0,"[25.088, 26.067, 26.268, 26.528, 26.605]"
1289,76.8.213.231,"[[97, 75, 190], [97, 75, 188], [66, 219, 235]]",-1.0,-1.0,"[25.461, 25.847, 26.356, 26.707, 26.814]"
1290,76.8.213.231,"[[97, 75, 190], [97, 75, 188], [66, 219, 235]]",-1.0,-1.0,"[24.971, 25.866, 26.195, 26.64, 26.552]"
1291,76.8.213.231,"[[97, 75, 190], [97, 75, 188], [66, 219, 235]]",-1.0,-1.0,"[25.691, 25.723, 26.218, 26.386, 26.656]"
1292,76.8.213.231,"[[97, 75, 190], [97, 75, 188], [66, 219, 235]]",-1.0,-1.0,"[25.322, 25.888, 26.354, 26.528, 26.622]"
1293,76.8.213.231,"[[97, 75, 190], [97, 75, 188], [66, 219, 235]]",-1.0,-1.0,"[24.989, 25.828, 26.3, 26.481, 26.6]"
1294,76.8.213.231,"[[97, 75, 190], [97, 75, 188], [66, 219, 235]]",-1.0,-1.0,"[25.109, 26.021, 26.421, 26.448, 26.56]"
1295,76.8.213.231,"[[97, 75, 190], [97, 75, 188], [66, 219, 235]]",-1.0,-1.0,"[25.014, 25.818, 26.362, 26.634, 26.717]"
1296,76.8.213.231,"[[97, 75, 190], [97, 75, 188], [66, 219, 235]]",-1.0,-1.0,"[25.293, 25.879, 26.297, 26.622, 26.733]"
1297,76.8.213.231,"[[97, 75, 190], [97, 75, 188], [66, 219, 235]]",-1.0,-1.0,"[25.114, 25.78, 26.237, 26.436, 26.599]"
1298,76.8.213.231,"[[97, 75, 190], [97, 75, 188], [66, 219, 235]]",-1.0,-1.0,"[25.279, 25.761, 26.411, 26.508, 26.616]"
1299,76.8.213.231,"[[97, 75, 190], [97, 75, 188], [66, 219, 235]]",-1.0,-1.0,"[24.945, 26.263, 26.281, 41.285, 26.584]"
1300,76.8.213.231,"[[97, 75, 190], [97, 75, 188], [66, 219, 235]]",-1.0,-1.0,"[25.619, 26.025, 26.253, 26.454, 26.747]"
1301,76.8.213.231,"[[97, 75, 190], [97, 75, 188], [66, 219, 235]]",-1.0,-1.0,"[25.2, 25.795, 26.255, 26.512, 26.607]"
1302,76.8.213.231,"[[97, 75, 190], [97, 75, 188], [66, 219, 235]]",-1.0,-1.0,"[25.412, 29.078, 26.253, 26.584, 26.661]"
1303,76.8.213.231,"[[97, 75, 190], [97, 75, 188], [66, 219, 235]]",-1.0,-1.0,"[27.832, 26.312, 26.492, 26.488, 26.697]"
1304,76.8.213.231,"[[97, 75, 190], [97, 75, 188], [66, 219, 235]]",-1.0,-1.0,"[24.988, 26.217, 27.551, 26.422, 26.518]"
1305,76.8.213.231,"[[97, 75, 190], [97, 75, 188], [66, 219, 235]]",-1.0,-1.0,"[25.259, 26.182, 26.198, 26.628, 26.548]"
1306,76.8.213.231,"[[97, 75, 190], [97, 75, 188], [66, 219, 235]]",-1.0,-1.0,"[25.166, 25.782, 26.151, 26.658, 26.586]"
1307,76.8.213.231,"[[97, 75, 190], [97, 75, 188], [66, 219, 235]]",-1.0,-1.0,"[43.983, 29.47, 26.876, 26.702, 26.765]"
1308,76.8.213.231,"[[97, 75, 190], [97, 75, 188], [66, 219, 235]]",-1.0,-1.0,"[25.155, 25.954, 26.45, 27.376, 26.566]"
1309,76.8.213.231,"[[97, 75, 190], [97, 75, 188], [66, 219, 235]]",-1.0,-1.0,"[25.125, 25.966, 26.283, 26.594, 26.691]"
1310,76.8.213.231,"[[97, 75, 190], [97, 75, 188], [66, 219, 235]]",-1.0,-1.0,"[25.258, 25.937, 26.334, 26.555, 26.633]"
1311,76.8.213.231,"[[97, 75, 190], [97, 75, 188], [66, 219, 235]]",-1.0,-1.0,"[25.118, 25.794, 26.463, 26.46, 26.512]"
1312,76.8.213.231,"[[97, 75, 190], [97, 75, 188], [66, 219, 235]]",-1.0,-1.0,"[25.527, 25.763, 26.314, 26.527, 26.679]"
1313,76.8.213.231,"[[97, 75, 190], [97, 75, 188], [66, 219, 235]]",-1.0,-1.0,"[25.083, 25.757, 26.339, 26.574, 26.675]"
1314,76.8.213.231,"[[97, 75, 190], [97, 75, 188], [66, 219, 235]]",-1.0,-1.0,"[25.373, 25.827, 26.202, 26.502, 26.628]"
1315,76.8.213.231,"[[97, 75, 190], [97, 75, 188], [66, 219, 235]]",-1.0,-1.0,"[66.434, 26.21, 26.232, 26.522, 26.657]"
1316,76.8.213.231,"[[97, 75, 190], [97, 75, 188], [66, 219, 235]]",-1.0,-1.0,"[25.127, 25.773, 26.476, 26.471, 26.623]"
1317,76.8.213.231,"[[97, 75, 190], [97, 75, 188], [66, 219, 235]]",-1.0,-1.0,"[25.407, 25.968, 26.334, 27.09, 26.722]"
1318,76.8.213.231,"[[97, 75, 190], [97, 75, 188], [66, 219, 235]]",-1.0,-1.0,"[25.152, 26.118, 26.383, 26.695, 26.584]"
1319,76.8.213.231,"[[97, 75, 190], [97, 75, 188], [66, 219, 235]]",-1.0,-1.0,"[25.165, 27.016, 26.237, 28.173, 26.65]"
1320,76.8.213.231,"[[97, 75, 190], [97, 75, 188], [66, 219, 235]]",-1.0,-1.0,"[25.222, 25.858, 26.479, 29.681, 26.757]"
1321,76.8.213.231,"[[97, 75, 190], [97, 75, 188], [66, 219, 235]]",-1.0,-1.0,"[25.147, 25.988, 26.244, 26.833, 26.883]"
1322,76.8.213.231,"[[97, 75, 190], [97, 75, 188], [66, 219, 235]]",-1.0,-1.0,"[26.194, 26.191, 26.902, 26.611, 26.536]"
1323,76.8.213.231,"[[97, 75, 190], [97, 75, 188], [66, 219, 235]]",-1.0,-1.0,"[27.149, 27.704, 28.173, 28.596, 28.489]"
1324,76.8.213.231,"[[97, 75, 190], [97, 75, 188], [66, 219, 235]]",-1.0,-1.0,"[25.21, 25.852, 26.43, 26.918, 26.856]"
1325,76.8.213.231,"[[97, 75, 190], [97, 75, 188], [66, 219, 235]]",-1.0,-1.0,"[25.559, 25.934, 40.397, 40.394, 26.699]"
1326,76.8.213.231,"[[97, 75, 190], [97, 75, 188], [66, 219, 235]]",-1.0,-1.0,"[28.601, 26.178, 26.319, 26.434, 26.641]"
1327,76.8.213.231,"[[97, 75, 190], [97, 75, 188], [66, 219, 235]]",-1.0,-1.0,"[25.608, 26.113, 26.313, 26.572, 26.713]"
1328,76.8.213.231,"[[97, 75, 190], [97, 75, 188], [66, 219, 235]]",-1.0,-1.0,"[25.162, 25.757, 26.273, 26.467, 26.575]"
1329,76.8.213.231,"[[97, 75, 190], [97, 75, 188], [66, 219, 235]]",-1.0,-1.0,"[28.186, 44.912, 28.18, 28.177, 28.175]"
1330,76.8.213.231,"[[97, 75, 190], [97, 75, 188], [66, 219, 235]]",-1.0,-1.0,"[25.164, 26.138, 26.239, 26.955, 26.696]"
1331,76.8.213.231,"[[97, 75, 190], [97, 75, 188], [66, 219, 235]]",-1.0,-1.0,"[25.244, 25.786, 26.423, 26.914, 26.724]"
1332,76.8.213.231,"[[97, 75, 190], [97, 75, 188], [66, 219, 235]]",-1.0,-1.0,"[25.239, 25.945, 26.221, 28.114, 26.58]"
1333,76.8.213.231,"[[97, 75, 190], [97, 75, 188], [66, 219, 235]]",-1.0,-1.0,"[25.286, 46.35, 26.256, 26.525, 26.635]"
1334,76.8.213.231,"[[97, 75, 190], [97, 75, 188], [66, 219, 235]]",-1.0,-1.0,"[25.081, 26.068, 26.153, 26.606, 26.602]"
1335,76.8.213.231,"[[97, 75, 190], [97, 75, 188], [66, 219, 235]]",-1.0,-1.0,"[30.243, 32.8, 27.03, 26.958, 26.621]"
1336,76.8.213.231,"[[97, 75, 190], [97, 75, 188], [66, 219, 235]]",-1.0,-1.0,"[25.044, 26.367, 41.787, 26.744, 26.549]"
1337,76.8.213.231,"[[97, 75, 190], [97, 75, 188], [66, 219, 235]]",-1.0,-1.0,"[25.304, 25.876, 26.269, 26.742, 26.668]"
1338,76.8.213.231,"[[97, 75, 190], [97, 75, 188], [66, 219, 235]]",-1.0,-1.0,"[25.161, 25.894, 26.228, 26.624, 26.707]"
1339,76.8.213.231,"[[97, 75, 190], [97, 75, 188], [66, 219, 235]]",-1.0,-1.0,"[25.509, 25.833, 26.323, 26.703, 26.79]"
1340,76.8.213.231,"[[97, 75, 190], [97, 75, 188], [66, 219, 235]]",-1.0,-1.0,"[25.062, 26.037, 26.416, 27.405, 26.565]"
1341,76.8.213.231,"[[97, 75, 190], [97, 75, 188], [66, 219, 235]]",-1.0,-1.0,"[25.273, 25.928, 26.24, 35.86, 26.711]"
1342,76.8.213.231,"[[97, 75, 190], [97, 75, 188], [66, 219, 235]]",-1.0,-1.0,"[25.169, 25.922, 26.519, 26.549, 26.645]"
1343,76.8.213.231,"[[97, 75, 190], [97, 75, 188], [66, 219, 235]]",-1.0,-1.0,"[40.89, 26.225, 26.484, 26.679, 26.517]"
1344,76.8.213.231,"[[97, 75, 190], [97, 75, 188], [66, 219, 235]]",-1.0,-1.0,"[28.797, 28.794, 28.79, 28.846, 28.783]"
1345,76.8.213.231,"[[97, 75, 190], [97, 75, 188], [66, 219, 235]]",-1.0,-1.0,"[25.086, 26.024, 26.422, 36.557, 26.619]"
1346,76.8.213.231,"[[97, 75, 190], [97, 75, 188], [66, 219, 235]]",-1.0,-1.0,"[39.068, 28.332, 28.328, 28.324, 28.319]"
1347,76.8.213.231,"[[97, 75, 190], [97, 75, 188], [66, 219, 235]]",-1.0,-1.0,"[25.115, 25.954, 26.212, 26.504, 26.612]"
1348,76.8.213.231,"[[97, 75, 190], [97, 75, 188], [66, 219, 235]]",-1.0,-1.0,"[25.164, 25.972, 26.559, 26.835, 26.766]"
1349,76.8.213.231,"[[97, 75, 190], [97, 75, 188], [66, 219, 235]]",-1.0,-1.0,"[25.469, 25.983, 27.058, 30.471, 26.593]"
1350,76.8.213.231,"[[97, 75, 190], [97, 75, 188], [66, 219, 235]]",-1.0,-1.0,"[25.133, 25.829, 26.677, 26.783, 26.673]"
1351,76.8.213.231,"[[97, 75, 190], [97, 75, 188], [66, 219, 235]]",-1.0,-1.0,"[25.152, 26.141, 26.443, 28.155, 26.659]"
1352,76.8.213.231,"[[97, 75, 190], [97, 75, 188], [66, 219, 235]]",-1.0,-1.0,"[30.586, 31.018, 31.445, 34.156, 34.152]"
1353,76.8.213.231,"[[97, 75, 190], [97, 75, 188], [66, 219, 235]]",-1.0,-1.0,"[25.629, 26.833, 26.317, 26.726, 26.825]"
1354,76.8.213.231,"[[97, 75, 190], [97, 75, 188], [66, 219, 235]]",-1.0,-1.0,"[25.751, 26.123, 26.56, 26.245, 26.697]"
1355,76.8.213.231,"[[97, 75, 190], [97, 75, 188], [66, 219, 235]]",-1.0,-1.0,"[25.358, 25.857, 26.281, 26.534, 26.621]"
1356,76.8.213.231,"[[97, 75, 190], [97, 75, 188], [66, 219, 235]]",-1.0,-1.0,"[25.138, 25.821, 26.211, 26.506, 26.735]"
1357,76.8.213.231,"[[97, 75, 190], [97, 75, 188], [66, 219, 235]]",-1.0,-1.0,"[25.302, 25.794, 26.335, 55.388, 26.511]"
1358,76.8.213.231,"[[97, 75, 190], [97, 75, 188], [66, 219, 235]]",-1.0,-1.0,"[25.247, 25.936, 26.405, 26.508, 26.577]"
1359,76.8.213.231,"[[97, 75, 190], [97, 75, 188], [66, 219, 235]]",-1.0,-1.0,"[25.514, 29.564, 29.559, 29.555, 29.549]"
1360,76.8.213.231,"[[97, 75, 190], [97, 75, 188], [66, 219, 235]]",-1.0,-1.0,"[25.349, 30.73, 26.27, 27.411, 26.574]"
1361,76.8.213.231,"[[97, 75, 190], [97, 75, 188], [66, 219, 235]]",-1.0,-1.0,"[27.075, 27.072, 34.65, 27.052, 27.048]"
1362,76.8.213.231,"[[97, 75, 190], [97, 75, 188], [66, 219, 235]]",-1.0,-1.0,"[25.358, 25.773, 26.263, 26.496, 26.624]"
1363,76.8.213.231,"[[97, 75, 190], [97, 75, 188], [66, 219, 235]]",-1.0,-1.0,"[25.054, 25.8, 26.316, 26.574, 26.679]"
1364,76.8.213.231,"[[97, 75, 190], [97, 75, 188], [66, 219, 235]]",-1.0,-1.0,"[25.122, 25.767, 26.437, 43.029, 26.609]"
1365,76.8.213.231,"[[97, 75, 190], [97, 75, 188], [66, 219, 235]]",-1.0,-1.0,"[24.99, 25.706, 26.323, 31.481, 26.577]"
1366,76.8.213.231,"[[97, 75, 190], [97, 75, 188], [66, 219, 235]]",-1.0,-1.0,"[25.062, 25.778, 26.313, 26.742, 26.618]"
1367,76.8.213.231,"[[97, 75, 190], [97, 75, 188], [66, 219, 235]]",-1.0,-1.0,"[25.246, 26.055, 26.37, 26.836, 26.7]"
1368,76.8.213.231,"[[97, 75, 190], [97, 75, 188], [66, 219, 235]]",-1.0,-1.0,"[24.943, 25.995, 26.174, 26.633, 26.536]"
1369,76.8.213.231,"[[97, 75, 190], [97, 75, 188], [66, 219, 235]]",-1.0,-1.0,"[29.915, 29.911, 29.907, 29.903, 29.898]"
1370,76.8.213.231,"[[97, 75, 190], [97, 75, 188], [66, 219, 235]]",-1.0,-1.0,"[25.595, 32.07, 26.204, 26.513, 26.603]"
1371,76.8.213.231,"[[97, 75, 190], [97, 75, 188], [66, 219, 235]]",-1.0,-1.0,"[24.981, 25.96, 26.395, 26.525, 26.605]"
1372,76.8.213.231,"[[97, 75, 190], [97, 75, 188], [66, 219, 235]]",-1.0,-1.0,"[25.185, 25.849, 26.302, 26.888, 26.732]"
1373,76.8.213.231,"[[97, 75, 190], [97, 75, 188], [66, 219, 235]]",-1.0,-1.0,"[25.269, 25.785, 26.209, 26.486, 26.547]"
1374,76.8.213.231,"[[97, 75, 190], [97, 75, 188], [66, 219, 235]]",-1.0,-1.0,"[25.201, 26.024, 26.173, 26.509, 26.592]"
1375,76.8.213.231,"[[97, 75, 190], [97, 75, 188], [66, 219, 235]]",-1.0,-1.0,"[25.216, 27.471, 26.231, 30.36, 26.576]"
1376,76.8.213.231,"[[97, 75, 190], [97, 75, 188], [66, 219, 235]]",-1.0,-1.0,"[25.064, 26.01, 26.271, 26.502, 26.597]"
1377,76.8.213.231,"[[97, 75, 190], [97, 75, 188], [66, 219, 235]]",-1.0,-1.0,"[26.248, 26.245, 26.318, 26.805, 26.652]"
1378,76.8.213.231,"[[97, 75, 190], [97, 75, 188], [66, 219, 235]]",-1.0,-1.0,"[25.194, 26.271, 27.268, 29.582, 26.603]"
1379,76.8.213.231,"[[97, 75, 190], [97, 75, 188], [66, 219, 235]]",-1.0,-1.0,"[25.119, 25.825, 26.316, 26.665, 26.571]"
1380,76.8.213.231,"[[97, 75, 190], [97, 75, 188], [66, 219, 235]]",-1.0,-1.0,"[25.533, 25.762, 26.215, 26.714, 26.908]"
1381,76.8.213.231,"[[97, 75, 190], [97, 75, 188], [66, 219, 235]]",-1.0,-1.0,"[25.295, 26.081, 26.165, 29.024, 26.571]"
1382,76.8.213.231,"[[97, 75, 190], [97, 75, 188], [66, 219, 235]]",-1.0,-1.0,"[25.037, 26.323, 26.321, 28.457, 26.661]"
1383,76.8.213.231,"[[97, 75, 190], [97, 75, 188], [66, 219, 235]]",-1.0,-1.0,"[25.277, 25.904, 36.814, 28.855, 26.611]"
1384,76.8.213.231,"[[97, 75, 190], [97, 75, 188], [66, 219, 235]]",-1.0,-1.0,"[35.209, 26.015, 29.127, 26.695, 26.693]"
1385,76.8.213.231,"[[97, 75, 190], [97, 75, 188], [66, 219, 235]]",-1.0,-1.0,"[25.205, 25.835, 26.465, 26.797, 26.625]"
1386,76.8.213.231,"[[97, 75, 190], [97, 75, 188], [66, 219, 235]]",-1.0,-1.0,"[28.102, 28.097, 28.093, 32.529, 28.086]"
1387,76.8.213.231,"[[97, 75, 190], [97, 75, 188], [66, 219, 235]]",-1.0,-1.0,"[25.237, 25.828, 26.363, 27.702, 26.647]"
1388,76.8.213.231,"[[97, 75, 190], [97, 75, 188], [66, 219, 235]]",-1.0,-1.0,"[25.065, 26.034, 51.606, 26.89, 26.767]"
1389,76.8.213.231,"[[97, 75, 190], [97, 75, 188], [66, 219, 235]]",-1.0,-1.0,"[25.169, 27.277, 26.286, 26.921, 26.793]"
1390,76.8.213.231,"[[97, 75, 190], [97, 75, 188], [66, 219, 235]]",-1.0,-1.0,"[25.107, 26.055, 26.303, 27.871, 26.615]"
1391,76.8.213.231,"[[97, 75, 190], [97, 75, 188], [66, 219, 235]]",-1.0,-1.0,"[25.237, 25.834, 26.287, 26.803, 26.772]"
1392,76.8.213.231,"[[97, 75, 190], [97, 75, 188], [66, 219, 235]]",-1.0,-1.0,"[25.04, 25.845, 26.251, 26.763, 26.581]"
1393,76.8.213.231,"[[97, 75, 190], [97, 75, 188], [66, 219, 235]]",-1.0,-1.0,"[25.057, 25.813, 26.211, 26.728, 26.532]"
1394,76.8.213.231,"[[97, 75, 190], [97, 75, 188], [66, 219, 235]]",-1.0,-1.0,"[25.024, 25.792, 26.297, 26.653, 26.562]"
1395,76.8.213.231,"[[97, 75, 190], [97, 75, 188], [66, 219, 235]]",-1.0,-1.0,"[25.351, 25.86, 26.315, 26.727, 26.646]"
1396,76.8.213.231,"[[97, 75, 190], [97, 75, 188], [66, 219, 235]]",-1.0,-1.0,"[25.181, 26.058, 26.243, 26.914, 26.632]"
1397,76.8.213.231,"[[97, 75, 190], [97, 75, 188], [66, 219, 235]]",-1.0,-1.0,"[25.242, 25.872, 26.619, 27.127, 26.584]"
1398,76.8.213.231,"[[97, 75, 190], [97, 75, 188], [66, 219, 235]]",-1.0,-1.0,"[25.187, 60.42, 26.308, 26.473, 26.585]"
1399,76.8.213.231,"[[97, 75, 190], [97, 75, 188], [66, 219, 235]]",-1.0,-1.0,"[25.093, 37.887, 26.168, 26.657, 26.742]"
1400,76.8.213.231,"[[97, 75, 190], [97, 75, 188], [66, 219, 235]]",-1.0,-1.0,"[25.107, 25.781, 26.212, 26.436, 26.536]"
1401,76.8.213.231,"[[97, 75, 190], [97, 75, 188], [66, 219, 235]]",-1.0,-1.0,"[25.269, 26.123, 26.227, 26.479, 26.581]"
1402,76.8.213.231,"[[97, 75, 190], [97, 75, 188], [66, 219, 235]]",-1.0,-1.0,"[25.077, 26.086, 26.3, 26.652, 26.566]"
1403,76.8.213.231,"[[97, 75, 190], [97, 75, 188], [66, 219, 235]]",-1.0,-1.0,"[25.067, 25.876, 33.044, 26.503, 26.702]"
1404,76.8.213.231,"[[97, 75, 190], [97, 75, 188], [66, 219, 235]]",-1.0,-1.0,"[25.352, 25.917, 47.563, 26.501, 26.644]"
1405,76.8.213.231,"[[97, 75, 190], [97, 75, 188], [66, 219, 235]]",-1.0,-1.0,"[25.126, 42.186, 26.397, 27.018, 26.552]"
1406,76.8.213.231,"[[97, 75, 190], [97, 75, 188], [66, 219, 235]]",-1.0,-1.0,"[24.964, 26.105, 26.967, 26.512, 26.604]"
1407,76.8.213.231,"[[97, 75, 190], [97, 75, 188], [66, 219, 235]]",-1.0,-1.0,"[25.004, 25.996, 26.467, 26.592, 26.588]"
1408,76.8.213.231,"[[97, 75, 190], [97, 75, 188], [66, 219, 235]]",-1.0,-1.0,"[25.133, 25.805, 26.305, 26.734, 26.599]"
1409,76.8.213.231,"[[97, 75, 190], [97, 75, 188], [66, 219, 235]]",-1.0,-1.0,"[27.038, 27.025, 27.02, 27.223, 27.012]"
1410,76.8.213.231,"[[97, 75, 190], [97, 75, 188], [66, 219, 235]]",-1.0,-1.0,"[25.08, 26.039, 26.444, 27.099, 26.668]"
1411,76.8.213.231,"[[97, 75, 190], [97, 75, 188], [66, 219, 235]]",-1.0,-1.0,"[25.381, 25.795, 26.467, 26.689, 26.611]"
1412,76.8.213.231,"[[97, 75, 190], [97, 75, 188], [66, 219, 235]]",-1.0,-1.0,"[26.18, 26.071, 26.344, 26.678, 26.599]"
1413,76.8.213.231,"[[97, 75, 190], [97, 75, 188], [66, 219, 235]]",-1.0,-1.0,"[25.015, 25.734, 27.223, 29.092, 26.587]"
1414,76.8.213.231,"[[97, 75, 190], [97, 75, 188], [66, 219, 235]]",-1.0,-1.0,"[25.12, 25.781, 26.195, 26.484, 26.572]"
1415,76.8.213.231,"[[97, 75, 190], [97, 75, 188], [66, 219, 235]]",-1.0,-1.0,"[25.144, 25.84, 26.436, 26.528, 26.606]"
1416,76.8.213.231,"[[97, 75, 190], [97, 75, 188], [66, 219, 235]]",-1.0,-1.0,"[25.085, 26.714, 26.247, 26.493, 26.562]"
1417,76.8.213.231,"[[97, 75, 190], [97, 75, 188], [66, 219, 235]]",-1.0,-1.0,"[25.124, 26.044, 26.34, 26.63, 26.524]"
1418,76.8.213.231,"[[97, 75, 190], [97, 75, 188], [66, 219, 235]]",-1.0,-1.0,"[25.104, 25.922, 26.279, 26.652, 26.559]"
1419,76.8.213.231,"[[97, 75, 190], [97, 75, 188], [66, 219, 235]]",-1.0,-1.0,"[24.975, 25.822, 26.367, 26.85, 26.48]"
1420,76.8.213.231,"[[97, 75, 190], [97, 75, 188], [66, 219, 235]]",-1.0,-1.0,"[25.214, 26.064, 26.419, 26.963, 26.647]"
1421,76.8.213.231,"[[97, 75, 190], [97, 75, 188], [66, 219, 235]]",-1.0,-1.0,"[25.097, 26.556, 26.19, 26.755, 26.72]"
1422,76.8.213.231,"[[97, 75, 190], [97, 75, 188], [66, 219, 235]]",-1.0,-1.0,"[25.073, 25.997, 26.275, 26.699, 26.621]"
1423,76.8.213.231,"[[97, 75, 190], [97, 75, 188], [66, 219, 235]]",-1.0,-1.0,"[25.147, 25.901, 26.346, 28.067, 26.597]"
1424,76.8.213.231,"[[97, 75, 190], [97, 75, 188], [66, 219, 235]]",-1.0,-1.0,"[25.062, 26.103, 26.429, 26.718, 26.631]"
1425,76.8.213.231,"[[97, 75, 190], [97, 75, 188], [66, 219, 235]]",-1.0,-1.0,"[25.072, 25.972, 26.294, 26.809, 26.626]"
1426,76.8.213.231,"[[97, 75, 190], [97, 75, 188], [66, 219, 235]]",-1.0,-1.0,"[34.483, 26.262, 26.537, 26.688, 26.576]"
1427,76.8.213.231,"[[97, 75, 190], [97, 75, 188], [66, 219, 235]]",-1.0,-1.0,"[25.227, 25.863, 26.438, 26.842, 26.718]"
1428,76.8.213.231,"[[97, 75, 190], [97, 75, 188], [66, 219, 235]]",-1.0,-1.0,"[25.314, 26.154, 26.236, 27.494, 26.58]"
1429,76.8.213.231,"[[97, 75, 190], [97, 75, 188], [66, 219, 235]]",-1.0,-1.0,"[25.382, 25.831, 26.249, 26.789, 26.662]"
1430,76.8.213.231,"[[97, 75, 190], [97, 75, 188], [66, 219, 235]]",-1.0,-1.0,"[25.222, 25.893, 26.183, 26.708, 26.598]"
1431,76.8.213.231,"[[97, 75, 190], [97, 75, 188], [66, 219, 235]]",-1.0,-1.0,"[25.293, 25.775, 26.294, 26.848, 26.733]"
1432,76.8.213.231,"[[97, 75, 190], [97, 75, 188], [66, 219, 235]]",-1.0,-1.0,"[25.068, 26.07, 26.181, 26.776, 26.607]"
1433,76.8.213.231,"[[97, 75, 190], [97, 75, 188], [66, 219, 235]]",-1.0,-1.0,"[25.17, 25.782, 26.41, 26.653, 26.631]"
1434,76.8.213.231,"[[97, 75, 190], [97, 75, 188], [66, 219, 235]]",-1.0,-1.0,"[25.317, 26.218, 28.321, 26.732, 26.593]"
1435,76.8.213.231,"[[97, 75, 190], [97, 75, 188], [66, 219, 235]]",-1.0,-1.0,"[25.158, 25.807, 26.463, 26.744, 26.706]"
1436,76.8.213.231,"[[97, 75, 190], [97, 75, 188], [66, 219, 235]]",-1.0,-1.0,"[25.153, 25.846, 26.636, 26.702, 26.63]"
1437,76.8.213.231,"[[97, 75, 190], [97, 75, 188], [66, 219, 235]]",-1.0,-1.0,"[25.076, 25.914, 26.345, 26.853, 26.599]"
1438,76.8.213.231,"[[97, 75, 190], [97, 75, 188], [66, 219, 235]]",-1.0,-1.0,"[25.112, 25.951, 26.309, 26.673, 26.584]"
1439,76.8.213.231,"[[97, 75, 190], [97, 75, 188], [66, 219, 235]]",-1.0,-1.0,"[25.12, 25.875, 26.475, 26.443, 26.561]"
1440,76.8.213.231,"[[97, 75, 190], [97, 75, 188], [66, 219, 235]]",-1.0,-1.0,"[25.047, 26.0, 26.24, 26.515, 26.564]"
1441,76.8.213.231,"[[97, 75, 190], [97, 75, 188], [66, 219, 235]]",-1.0,-1.0,"[25.172, 26.84, 26.27, 26.715, 26.832]"
1442,76.8.213.231,"[[97, 75, 190], [97, 75, 188], [66, 219, 235]]",-1.0,-1.0,"[25.27, 40.402, 26.445, 26.442, 26.792]"
1443,76.8.213.231,"[[97, 75, 190], [97, 75, 188], [66, 219, 235]]",-1.0,-1.0,"[25.066, 30.844, 26.323, 26.703, 26.606]"
1444,76.8.213.231,"[[97, 75, 190], [97, 75, 188], [66, 219, 235]]",-1.0,-1.0,"[25.127, 26.032, 26.457, 26.556, 26.65]"
1445,76.8.213.231,"[[97, 75, 190], [97, 75, 188], [66, 219, 235]]",-1.0,-1.0,"[25.197, 27.222, 26.498, 27.981, 26.714]"
1446,76.8.213.231,"[[97, 75, 190], [97, 75, 188], [66, 219, 235]]",-1.0,-1.0,"[25.314, 26.002, 26.387, 26.529, 26.636]"
1447,76.8.213.231,"[[97, 75, 190], [97, 75, 188], [66, 219, 235]]",-1.0,-1.0,"[25.549, 26.017, 26.332, 26.637, 26.56]"
1448,76.8.213.231,"[[97, 75, 190], [97, 75, 188], [66, 219, 235]]",-1.0,-1.0,"[26.414, 26.267, 32.471, 26.657, 26.572]"
1449,76.8.213.231,"[[97, 75, 190], [97, 75, 188], [66, 219, 235]]",-1.0,-1.0,"[25.446, 37.292, 26.43, 26.708, 26.595]"
1450,76.8.213.231,"[[97, 75, 190], [97, 75, 188], [66, 219, 235]]",-1.0,-1.0,"[25.384, 25.962, 26.452, 26.58, 26.694]"
1451,76.8.213.231,"[[97, 75, 190], [97, 75, 188], [66, 219, 235]]",-1.0,-1.0,"[25.333, 27.214, 26.424, 26.505, 26.647]"
1452,76.8.213.231,"[[97, 75, 190], [97, 75, 188], [66, 219, 235]]",-1.0,-1.0,"[25.036, 26.014, 26.209, 26.526, 26.746]"
1453,76.8.213.231,"[[97, 75, 190], [97, 75, 188], [66, 219, 235]]",-1.0,-1.0,"[25.073, 26.114, 26.474, 29.555, 26.59]"
1454,76.8.213.231,"[[97, 75, 190], [97, 75, 188], [66, 219, 235]]",-1.0,-1.0,"[25.194, 26.138, 26.352, 26.483, 26.61]"
1455,76.8.213.231,"[[97, 75, 190], [97, 75, 188], [66, 219, 235]]",-1.0,-1.0,"[25.17, 25.987, 26.358, 26.653, 26.772]"
1456,76.8.213.231,"[[97, 75, 190], [97, 75, 188], [66, 219, 235]]",-1.0,-1.0,"[33.285, 33.282, 33.278, 33.274, 33.271]"
1457,76.8.213.231,"[[97, 75, 190], [97, 75, 188], [66, 219, 235]]",-1.0,-1.0,"[25.275, 25.793, 26.17, 26.702, 26.58]"
1458,76.8.213.231,"[[97, 75, 190], [97, 75, 188], [66, 219, 235]]",-1.0,-1.0,"[25.137, 25.806, 26.536, 26.828, 26.532]"
1459,76.8.213.231,"[[97, 75, 190], [97, 75, 188], [66, 219, 235]]",-1.0,-1.0,"[25.218, 25.872, 26.503, 26.672, 26.609]"
1460,76.8.213.231,"[[97, 75, 190], [97, 75, 188], [66, 219, 235]]",-1.0,-1.0,"[25.185, 25.798, 26.22, 26.626, 26.753]"
1461,76.8.213.231,"[[97, 75, 190], [97, 75, 188], [66, 219, 235]]",-1.0,-1.0,"[25.024, 25.915, 26.42, 26.523, 26.575]"
1462,76.8.213.231,"[[97, 75, 190], [97, 75, 188], [66, 219, 235]]",-1.0,-1.0,"[25.141, 25.921, 26.46, 26.47, 26.553]"
1463,76.8.213.231,"[[97, 75, 190], [97, 75, 188], [66, 219, 235]]",-1.0,-1.0,"[25.112, 25.907, 26.276, 26.545, 26.639]"
1464,76.8.213.231,"[[97, 75, 190], [97, 75, 188], [66, 219, 235]]",-1.0,-1.0,"[25.177, 25.871, 26.505, 26.518, 26.646]"
1465,76.8.213.231,"[[97, 75, 190], [97, 75, 188], [66, 219, 235]]",-1.0,-1.0,"[25.023, 30.745, 26.429, 26.67, 26.668]"
1466,76.8.213.231,"[[97, 75, 190], [97, 75, 188], [66, 219, 235]]",-1.0,-1.0,"[25.039, 25.847, 26.665, 26.621, 26.486]"
1467,76.8.213.231,"[[97, 75, 190], [97, 75, 188], [66, 219, 235]]",-1.0,-1.0,"[25.114, 25.828, 29.55, 26.874, 26.644]"
1468,76.8.213.231,"[[97, 75, 190], [97, 75, 188], [66, 219, 235]]",-1.0,-1.0,"[25.118, 26.396, 26.21, 26.748, 26.617]"
1469,76.8.213.231,"[[97, 75, 190], [97, 75, 188], [66, 219, 235]]",-1.0,-1.0,"[25.258, 34.343, 26.311, 26.506, 26.595]"
1470,76.8.213.231,"[[97, 75, 190], [97, 75, 188], [66, 219, 235]]",-1.0,-1.0,"[25.055, 27.702, 26.284, 26.514, 26.622]"
1471,76.8.213.231,"[[97, 75, 190], [97, 75, 188], [66, 219, 235]]",-1.0,-1.0,"[24.997, 27.045, 26.347, 26.548, 26.669]"
1472,76.8.213.231,"[[97, 75, 190], [97, 75, 188], [66, 219, 235]]",-1.0,-1.0,"[25.134, 25.824, 26.283, 26.586, 26.738]"
1473,76.8.213.231,"[[97, 75, 190], [97, 75, 188], [66, 219, 235]]",-1.0,-1.0,"[25.221, 25.775, 27.886, 26.686, 26.459]"
1474,76.8.213.231,"[[97, 75, 190], [97, 75, 188], [66, 219, 235]]",-1.0,-1.0,"[25.242, 26.011, 27.663, 29.479, 29.636]"
1475,76.8.213.231,"[[97, 75, 190], [97, 75, 188], [66, 219, 235]]",-1.0,-1.0,"[25.132, 26.736, 26.283, 26.593, 26.723]"
1476,76.8.213.231,"[[97, 75, 190], [97, 75, 188], [66, 219, 235]]",-1.0,-1.0,"[25.163, 26.016, 26.409, 26.444, 26.57]"
1477,76.8.213.231,"[[97, 75, 190], [97, 75, 188], [66, 219, 235]]",-1.0,-1.0,"[25.148, 26.026, 26.412, 26.544, 26.733]"
1478,76.8.213.231,"[[97, 75, 190], [97, 75, 188], [66, 219, 235]]",-1.0,-1.0,"[24.931, 25.818, 26.244, 26.391, 26.519]"
1479,76.8.213.231,"[[97, 75, 190], [97, 75, 188], [66, 219, 235]]",-1.0,-1.0,"[35.488, 26.21, 26.383, 26.475, 26.654]"
1480,76.8.213.231,"[[97, 75, 190], [97, 75, 188], [66, 219, 235]]",-1.0,-1.0,"[25.096, 25.76, 26.208, 26.424, 26.585]"
1481,76.8.213.231,"[[97, 75, 190], [97, 75, 188], [66, 219, 235]]",-1.0,-1.0,"[25.236, 25.812, 26.461, 26.546, 26.639]"
1482,76.8.213.231,"[[97, 75, 190], [97, 75, 188], [66, 219, 235]]",-1.0,-1.0,"[25.168, 28.47, 26.218, 26.479, 26.539]"
1483,76.8.213.231,"[[97, 75, 190], [97, 75, 188], [66, 219, 235]]",-1.0,-1.0,"[25.133, 26.195, 26.295, 26.7, 26.51]"
1484,76.8.213.231,"[[97, 75, 190], [97, 75, 188], [66, 219, 235]]",-1.0,-1.0,"[25.084, 26.792, 26.197, 26.414, 26.51]"
1485,76.8.213.231,"[[97, 75, 190], [97, 75, 188], [66, 219, 235]]",-1.0,-1.0,"[25.26, 25.789, 26.269, 26.447, 26.502]"
1486,76.8.213.231,"[[97, 75, 190], [97, 75, 188], [66, 219, 235]]",-1.0,-1.0,"[25.09, 25.817, 26.601, 26.597, 26.664]"
1487,76.8.213.231,"[[97, 75, 190], [97, 75, 188], [66, 219, 235]]",-1.0,-1.0,"[25.166, 26.534, 26.224, 26.709, 26.625]"
1488,76.8.213.231,"[[97, 75, 190], [97, 75, 188], [66, 219, 235]]",-1.0,-1.0,"[25.212, 26.642, 26.501, 37.38, 26.632]"
1489,76.8.213.231,"[[97, 75, 190], [97, 75, 188], [66, 219, 235]]",-1.0,-1.0,"[25.967, 26.158, 26.359, 26.813, 26.629]"
1490,76.8.213.231,"[[97, 75, 190], [97, 75, 188], [66, 219, 235]]",-1.0,-1.0,"[25.696, 25.891, 26.238, 26.485, 26.576]"
1491,76.8.213.231,"[[97, 75, 190], [97, 75, 188], [66, 219, 235]]",-1.0,-1.0,"[25.067, 26.078, 26.337, 26.726, 26.673]"
1492,76.8.213.231,"[[97, 75, 190], [97, 75, 188], [66, 219, 235]]",-1.0,-1.0,"[25.042, 25.774, 26.281, 26.462, 26.707]"
1493,76.8.213.231,"[[97, 75, 190], [97, 75, 188], [66, 219, 235]]",-1.0,-1.0,"[25.141, 26.073, 26.386, 26.522, 26.614]"
1494,76.8.213.231,"[[97, 75, 190], [97, 75, 188], [66, 219, 235]]",-1.0,-1.0,"[25.201, 25.976, 26.215, 26.699, 26.616]"
1495,76.8.213.231,"[[97, 75, 190], [97, 75, 188], [66, 219, 235]]",-1.0,-1.0,"[25.094, 30.189, 26.291, 26.697, 26.595]"
1496,76.8.213.231,"[[97, 75, 190], [97, 75, 188], [66, 219, 235]]",-1.0,-1.0,"[25.236, 25.993, 26.243, 26.616, 26.734]"
1497,76.8.213.231,"[[97, 75, 190], [97, 75, 188], [66, 219, 235]]",-1.0,-1.0,"[25.055, 26.008, 26.307, 26.467, 26.55]"
1498,76.8.213.231,"[[97, 75, 190], [97, 75, 188], [66, 219, 235]]",-1.0,-1.0,"[25.571, 26.009, 26.257, 26.5, 26.615]"
1499,76.8.213.231,"[[97, 75, 190], [97, 75, 188], [66, 219, 235]]",-1.0,-1.0,"[25.114, 27.98, 26.414, 26.963, 26.687]"
1500,76.8.213.231,"[[97, 75, 190], [97, 75, 188], [66, 219, 235]]",-1.0,-1.0,"[30.044, 27.678, 27.676, 28.062, 27.669]"
1501,76.8.213.231,"[[97, 75, 190], [97, 75, 188], [66, 219, 235]]",-1.0,-1.0,"[25.217, 29.056, 26.384, 42.912, 26.586]"
1502,76.8.213.231,"[[97, 75, 190], [97, 75, 188], [66, 219, 235]]",-1.0,-1.0,"[25.001, 25.849, 26.205, 26.476, 26.548]"
1503,76.8.213.231,"[[97, 75, 190], [97, 75, 188], [66, 219, 235]]",-1.0,-1.0,"[25.666, 25.983, 26.92, 30.864, 26.913]"
1504,76.8.213.231,"[[97, 75, 190], [97, 75, 188], [66, 219, 235]]",-1.0,-1.0,"[25.152, 26.698, 26.211, 29.93, 26.639]"
1505,76.8.213.231,"[[97, 75, 190], [97, 75, 188], [66, 219, 235]]",-1.0,-1.0,"[25.387, 25.929, 26.397, 26.924, 26.714]"
1506,76.8.213.231,"[[97, 75, 190], [97, 75, 188], [66, 219, 235]]",-1.0,-1.0,"[25.139, 25.915, 26.238, 26.765, 26.669]"
1507,76.8.213.231,"[[97, 75, 190], [97, 75, 188], [66, 219, 235]]",-1.0,-1.0,"[25.199, 25.908, 26.371, 26.708, 26.687]"
1508,76.8.213.231,"[[97, 75, 190], [97, 75, 188], [66, 219, 235]]",-1.0,-1.0,"[25.226, 25.753, 26.469, 26.753, 26.589]"
1509,76.8.213.231,"[[97, 75, 190], [97, 75, 188], [66, 219, 235]]",-1.0,-1.0,"[25.228, 25.798, 26.519, 26.536, 26.679]"
1510,76.8.213.231,"[[97, 75, 190], [97, 75, 188], [66, 219, 235]]",-1.0,-1.0,"[25.152, 25.889, 28.652, 27.522, 26.55]"
1511,76.8.213.231,"[[97, 75, 190], [97, 75, 188], [66, 219, 235]]",-1.0,-1.0,"[25.09, 26.169, 26.247, 26.669, 26.64]"
1512,76.8.213.231,"[[97, 75, 190], [97, 75, 188], [66, 219, 235]]",-1.0,-1.0,"[25.263, 25.822, 26.308, 26.746, 26.649]"
1513,76.8.213.231,"[[97, 75, 190], [97, 75, 188], [66, 219, 235]]",-1.0,-1.0,"[25.077, 25.851, 26.265, 26.526, 26.661]"
1514,76.8.213.231,"[[97, 75, 190], [97, 75, 188], [66, 219, 235]]",-1.0,-1.0,"[25.077, 28.722, 26.318, 26.53, 26.626]"
1515,76.8.213.231,"[[97, 75, 190], [97, 75, 188], [66, 219, 235]]",-1.0,-1.0,"[25.3, 26.044, 26.638, 27.026, 26.756]"
1516,76.8.213.231,"[[97, 75, 190], [97, 75, 188], [66, 219, 235]]",-1.0,-1.0,"[25.32, 25.798, 26.31, 26.445, 26.494]"
1517,76.8.213.231,"[[97, 75, 190], [97, 75, 188], [66, 219, 235]]",-1.0,-1.0,"[25.15, 25.843, 26.237, 26.486, 26.554]"
1518,76.8.213.231,"[[97, 75, 190], [97, 75, 188], [66, 219, 235]]",-1.0,-1.0,"[25.402, 25.999, 26.146, 26.774, 26.564]"
1519,76.8.213.231,"[[97, 75, 190], [97, 75, 188], [66, 219, 235]]",-1.0,-1.0,"[36.843, 36.841, 36.838, 36.835, 36.833]"
1520,76.8.213.231,"[[97, 75, 190], [97, 75, 188], [66, 219, 235]]",-1.0,-1.0,"[25.148, 26.011, 26.236, 26.806, 26.483]"
1521,76.8.213.231,"[[97, 75, 190], [97, 75, 188], [66, 219, 235]]",-1.0,-1.0,"[25.158, 26.666, 26.228, 26.819, 26.602]"
1522,76.8.213.231,"[[97, 75, 190], [97, 75, 188], [66, 219, 235]]",-1.0,-1.0,"[25.359, 25.937, 26.33, 26.768, 26.571]"
1523,76.8.213.231,"[[97, 75, 190], [97, 75, 188], [66, 219, 235]]",-1.0,-1.0,"[26.115, 48.235, 27.396, 27.738, 26.611]"
1524,76.8.213.231,"[[97, 75, 190], [97, 75, 188], [66, 219, 235]]",-1.0,-1.0,"[25.396, 27.816, 30.372, 26.765, 26.558]"
1525,76.8.213.231,"[[97, 75, 190], [97, 75, 188], [66, 219, 235]]",-1.0,-1.0,"[25.035, 25.864, 26.221, 26.537, 26.674]"
1526,76.8.213.231,"[[97, 75, 190], [97, 75, 188], [66, 219, 235]]",-1.0,-1.0,"[25.198, 25.845, 26.479, 26.759, 26.644]"
1527,76.8.213.231,"[[97, 75, 190], [97, 75, 188], [66, 219, 235]]",-1.0,-1.0,"[26.383, 26.38, 26.563, 31.132, 31.128]"
1528,76.8.213.231,"[[97, 75, 190], [97, 75, 188], [66, 219, 235]]",-1.0,-1.0,"[25.326, 26.767, 26.364, 26.742, 26.589]"
1529,76.8.213.231,"[[97, 75, 190], [97, 75, 188], [66, 219, 235]]",-1.0,-1.0,"[25.195, 25.88, 26.412, 26.709, 26.624]"
1530,76.8.213.231,"[[97, 75, 190], [97, 75, 188], [66, 219, 235]]",-1.0,-1.0,"[25.363, 26.061, 26.334, 26.819, 26.654]"
1531,76.8.213.231,"[[97, 75, 190], [97, 75, 188], [66, 219, 235]]",-1.0,-1.0,"[50.496, 26.306, 26.41, 26.734, 26.635]"
1532,76.8.213.231,"[[97, 75, 190], [97, 75, 188], [66, 219, 235]]",-1.0,-1.0,"[25.359, 40.548, 26.281, 26.522, 26.622]"
1533,76.8.213.231,"[[97, 75, 190], [97, 75, 188], [66, 219, 235]]",-1.0,-1.0,"[25.043, 26.104, 33.817, 26.716, 26.622]"
1534,76.8.213.231,"[[97, 75, 190], [97, 75, 188], [66, 219, 235]]",-1.0,-1.0,"[25.305, 25.785, 26.273, 26.747, 26.639]"
1535,76.8.213.231,"[[97, 75, 190], [97, 75, 188], [66, 219, 235]]",-1.0,-1.0,"[25.832, 25.877, 26.267, 27.087, 26.539]"
1536,76.8.213.231,"[[97, 75, 190], [97, 75, 188], [66, 219, 235]]",-1.0,-1.0,"[25.639, 26.007, 26.398, 26.607, 26.524]"
1537,76.8.213.231,"[[97, 75, 190], [97, 75, 188], [66, 219, 235]]",-1.0,-1.0,"[25.147, 25.896, 26.273, 26.662, 26.585]"
1538,76.8.213.231,"[[97, 75, 190], [97, 75, 188], [66, 219, 235]]",-1.0,-1.0,"[25.351, 26.133, 26.248, 26.55, 26.597]"
1539,76.8.213.231,"[[97, 75, 190], [97, 75, 188], [66, 219, 235]]",-1.0,-1.0,"[25.042, 25.831, 26.188, 26.688, 26.619]"
1540,76.8.213.231,"[[97, 75, 190], [97, 75, 188], [66, 219, 235]]",-1.0,-1.0,"[25.388, 25.916, 43.738, 26.668, 26.965]"
1541,76.8.213.231,"[[97, 75, 190], [97, 75, 188], [66, 219, 235]]",-1.0,-1.0,"[25.071, 25.841, 26.482, 26.75, 26.7]"
1542,76.8.213.231,"[[97, 75, 190], [97, 75, 188], [66, 219, 235]]",-1.0,-1.0,"[25.257, 25.996, 26.322, 26.807, 26.638]"
1543,76.8.213.231,"[[97, 75, 190], [97, 75, 188], [66, 219, 235]]",-1.0,-1.0,"[25.101, 25.973, 26.444, 26.83, 26.66]"
1544,76.8.213.231,"[[97, 75, 190], [97, 75, 188], [66, 219, 235]]",-1.0,-1.0,"[25.483, 25.907, 26.444, 26.716, 26.533]"
1545,76.8.213.231,"[[97, 75, 190], [97, 75, 188], [66, 219, 235]]",-1.0,-1.0,"[25.166, 25.776, 26.192, 26.708, 26.613]"
1546,76.8.213.231,"[[97, 75, 190], [97, 75, 188], [66, 219, 235]]",-1.0,-1.0,"[25.421, 25.983, 26.363, 26.785, 26.696]"
1547,76.8.213.231,"[[97, 75, 190], [97, 75, 188], [66, 219, 235]]",-1.0,-1.0,"[25.148, 25.874, 26.38, 26.704, 26.701]"
1548,76.8.213.231,"[[97, 75, 190], [97, 75, 188], [66, 219, 235]]",-1.0,-1.0,"[25.254, 25.851, 26.416, 26.457, 26.651]"
1549,76.8.213.231,"[[97, 75, 190], [97, 75, 188], [66, 219, 235]]",-1.0,-1.0,"[25.212, 25.838, 26.456, 28.242, 26.71]"
1550,76.8.213.231,"[[97, 75, 190], [97, 75, 188], [66, 219, 235]]",-1.0,-1.0,"[25.107, 25.806, 26.247, 37.62, 26.52]"
1551,76.8.213.231,"[[97, 75, 190], [97, 75, 188], [66, 219, 235]]",-1.0,-1.0,"[25.296, 27.758, 27.754, 27.751, 27.747]"
1552,76.8.213.231,"[[97, 75, 190], [97, 75, 188], [66, 219, 235]]",-1.0,-1.0,"[25.283, 25.993, 26.228, 30.519, 26.535]"
1553,76.8.213.231,"[[97, 75, 190], [97, 75, 188], [66, 219, 235]]",-1.0,-1.0,"[25.181, 25.897, 26.896, 26.684, 26.65]"
1554,76.8.213.231,"[[97, 75, 190], [97, 75, 188], [66, 219, 235]]",-1.0,-1.0,"[25.313, 25.978, 26.435, 48.945, 26.494]"
1555,76.8.213.231,"[[97, 75, 190], [97, 75, 188], [66, 219, 235]]",-1.0,-1.0,"[25.759, 25.794, 26.242, 26.82, 26.612]"
1556,76.8.213.231,"[[97, 75, 190], [97, 75, 188], [66, 219, 235]]",-1.0,-1.0,"[25.101, 27.051, 26.326, 26.743, 26.66]"
1557,76.8.213.231,"[[97, 75, 190], [97, 75, 188], [66, 219, 235]]",-1.0,-1.0,"[25.363, 25.928, 44.886, 26.881, 26.746]"
1558,76.8.213.231,"[[97, 75, 190], [97, 75, 188], [66, 219, 235]]",-1.0,-1.0,"[25.02, 25.86, 26.275, 37.746, 26.786]"
1559,76.8.213.231,"[[97, 75, 190], [97, 75, 188], [66, 219, 235]]",-1.0,-1.0,"[25.006, 27.042, 26.302, 26.725, 26.651]"
1560,76.8.213.231,"[[97, 75, 190], [97, 75, 188], [66, 219, 235]]",-1.0,-1.0,"[25.259, 26.08, 26.231, 26.709, 26.848]"
1561,76.8.213.231,"[[97, 75, 190], [97, 75, 188], [66, 219, 235]]",-1.0,-1.0,"[25.473, 25.896, 26.246, 27.35, 26.529]"
1562,76.8.213.231,"[[97, 75, 190], [97, 75, 188], [66, 219, 235]]",-1.0,-1.0,"[25.095, 26.069, 26.202, 26.681, 26.585]"
1563,76.8.213.231,"[[97, 75, 190], [97, 75, 188], [66, 219, 235]]",-1.0,-1.0,"[25.328, 26.893, 34.144, 27.069, 26.834]"
1564,76.8.213.231,"[[97, 75, 190], [97, 75, 188], [66, 219, 235]]",-1.0,-1.0,"[25.562, 26.532, 26.784, 27.186, 27.124]"
1565,76.8.213.231,"[[97, 75, 190], [97, 75, 188], [66, 219, 235]]",-1.0,-1.0,"[25.311, 26.968, 26.594, 26.729, 26.679]"
1566,76.8.213.231,"[[97, 75, 190], [97, 75, 188], [66, 219, 235]]",-1.0,-1.0,"[25.201, 25.8, 26.298, 29.117, 26.556]"
1567,76.8.213.231,"[[97, 75, 190], [97, 75, 188], [66, 219, 235]]",-1.0,-1.0,"[25.152, 25.91, 26.346, 26.604, 26.685]"
1568,76.8.213.231,"[[97, 75, 190], [97, 75, 188], [66, 219, 235]]",-1.0,-1.0,"[25.214, 25.983, 26.261, 27.353, 26.569]"
1569,76.8.213.231,"[[97, 75, 190], [97, 75, 188], [66, 219, 235]]",-1.0,-1.0,"[24.987, 25.744, 26.295, 26.562, 26.616]"
1570,76.8.213.231,"[[97, 75, 190], [97, 75, 188], [66, 219, 235]]",-1.0,-1.0,"[28.395, 26.253, 26.227, 26.858, 26.53]"
1571,76.8.213.231,"[[97, 75, 190], [97, 75, 188], [66, 219, 235]]",-1.0,-1.0,"[25.227, 27.032, 26.307, 26.781, 26.588]"
1572,76.8.213.231,"[[97, 75, 190], [97, 75, 188], [66, 219, 235]]",-1.0,-1.0,"[25.258, 26.095, 26.251, 26.588, 26.654]"
1573,76.8.213.231,"[[97, 75, 190], [97, 75, 188], [66, 219, 235]]",-1.0,-1.0,"[25.08, 25.863, 30.627, 29.352, 29.527]"
1574,76.8.213.231,"[[97, 75, 190], [97, 75, 188], [66, 219, 235]]",-1.0,-1.0,"[25.259, 25.923, 26.266, 26.763, 26.576]"
1575,76.8.213.231,"[[97, 75, 190], [97, 75, 188], [66, 219, 235]]",-1.0,-1.0,"[25.3, 25.995, 26.443, 26.736, 26.659]"
1576,76.8.213.231,"[[97, 75, 190], [97, 75, 188], [66, 219, 235]]",-1.0,-1.0,"[25.157, 25.884, 26.344, 26.682, 26.586]"
1577,76.8.213.231,"[[97, 75, 190], [97, 75, 188], [66, 219, 235]]",-1.0,-1.0,"[25.024, 25.966, 26.261, 26.507, 26.568]"
1578,76.8.213.231,"[[97, 75, 190], [97, 75, 188], [66, 219, 235]]",-1.0,-1.0,"[25.023, 25.988, 26.399, 26.436, 26.648]"
1579,76.8.213.231,"[[97, 75, 190], [97, 75, 188], [66, 219, 235]]",-1.0,-1.0,"[25.347, 26.535, 26.285, 26.527, 26.793]"
1580,76.8.213.231,"[[97, 75, 190], [97, 75, 188], [66, 219, 235]]",-1.0,-1.0,"[26.006, 26.168, 26.803, 27.312, 26.622]"
1581,76.8.213.231,"[[97, 75, 190], [97, 75, 188], [66, 219, 235]]",-1.0,-1.0,"[25.129, 25.803, 26.273, 26.705, 26.616]"
1582,76.8.213.231,"[[97, 75, 190], [97, 75, 188], [66, 219, 235]]",-1.0,-1.0,"[25.4, 25.73, 26.328, 26.703, 26.588]"
1583,76.8.213.231,"[[97, 75, 190], [97, 75, 188], [66, 219, 235]]",-1.0,-1.0,"[25.123, 25.99, 26.186, 28.643, 26.608]"
1584,76.8.213.231,"[[97, 75, 190], [97, 75, 188], [66, 219, 235]]",-1.0,-1.0,"[25.09, 26.125, 26.261, 26.392, 26.54]"
1585,76.8.213.231,"[[97, 75, 190], [97, 75, 188], [66, 219, 235]]",-1.0,-1.0,"[25.147, 25.954, 26.434, 26.553, 26.748]"
1586,76.8.213.231,"[[97, 75, 190], [97, 75, 188], [66, 219, 235]]",-1.0,-1.0,"[25.128, 25.961, 26.213, 27.762, 26.666]"
1587,76.8.213.231,"[[97, 75, 190], [97, 75, 188], [66, 219, 235]]",-1.0,-1.0,"[25.124, 25.867, 26.361, 26.512, 26.611]"
1588,76.8.213.231,"[[97, 75, 190], [97, 75, 188], [66, 219, 235]]",-1.0,-1.0,"[25.113, 26.035, 26.34, 27.087, 26.96]"
1589,76.8.213.231,"[[97, 75, 190], [97, 75, 188], [66, 219, 235]]",-1.0,-1.0,"[25.094, 26.055, 26.206, 27.166, 26.546]"
1590,76.8.213.231,"[[97, 75, 190], [97, 75, 188], [66, 219, 235]]",-1.0,-1.0,"[25.251, 25.838, 26.159, 26.403, 26.566]"
1591,76.8.213.231,"[[97, 75, 190], [97, 75, 188], [66, 219, 235]]",-1.0,-1.0,"[25.208, 25.802, 26.197, 26.482, 26.607]"
1592,76.8.213.231,"[[97, 75, 190], [97, 75, 188], [66, 219, 235]]",-1.0,-1.0,"[25.115, 25.927, 27.322, 26.439, 26.495]"
1593,76.8.213.231,"[[97, 75, 190], [97, 75, 188], [66, 219, 235]]",-1.0,-1.0,"[25.067, 25.809, 26.359, 26.785, 26.634]"
1594,76.8.213.231,"[[97, 75, 190], [97, 75, 188], [66, 219, 235]]",-1.0,-1.0,"[26.722, 26.609, 26.584, 29.305, 26.711]"
1595,76.8.213.231,"[[97, 75, 190], [97, 75, 188], [66, 219, 235]]",-1.0,-1.0,"[25.158, 26.018, 26.246, 26.946, 26.809]"
1596,76.8.213.231,"[[97, 75, 190], [97, 75, 188], [66, 219, 235]]",-1.0,-1.0,"[37.638, 26.23, 26.424, 26.614, 26.547]"
1597,76.8.213.231,"[[97, 75, 190], [97, 75, 188], [66, 219, 235]]",-1.0,-1.0,"[25.026, 25.763, 27.041, 26.742, 26.625]"
1598,76.8.213.231,"[[97, 75, 190], [97, 75, 188], [66, 219, 235]]",-1.0,-1.0,"[25.255, 25.963, 26.252, 26.686, 26.616]"
1599,76.8.213.231,"[[97, 75, 190], [97, 75, 188], [66, 219, 235]]",-1.0,-1.0,"[25.163, 25.755, 28.437, 26.681, 26.495]"
1600,76.8.213.231,"[[97, 75, 190], [97, 75, 188], [66, 219, 235]]",-1.0,-1.0,"[25.517, 25.734, 26.32, 26.62, 26.617]"
1601,76.8.213.231,"[[97, 75, 190], [97, 75, 188], [66, 219, 235]]",-1.0,-1.0,"[25.281, 34.936, 26.271, 26.726, 26.86]"
1602,76.8.213.231,"[[97, 75, 190], [97, 75, 188], [66, 219, 235]]",-1.0,-1.0,"[25.348, 25.855, 26.208, 26.548, 26.633]"
1603,76.8.213.231,"[[97, 75, 190], [97, 75, 188], [66, 219, 235]]",-1.0,-1.0,"[30.069, 26.474, 26.632, 27.827, 26.625]"
1604,76.8.213.231,"[[97, 75, 190], [97, 75, 188], [66, 219, 235]]",-1.0,-1.0,"[25.168, 25.834, 26.325, 26.949, 26.759]"
1605,76.8.213.231,"[[97, 75, 190], [97, 75, 188], [66, 219, 235]]",-1.0,-1.0,"[25.257, 29.183, 26.234, 26.493, 26.611]"
1606,76.8.213.231,"[[97, 75, 190], [97, 75, 188], [66, 219, 235]]",-1.0,-1.0,"[25.098, 26.037, 26.168, 26.607, 26.728]"
1607,76.8.213.231,"[[97, 75, 190], [97, 75, 188], [66, 219, 235]]",-1.0,-1.0,"[25.213, 25.911, 26.261, 26.597, 26.695]"
1608,76.8.213.231,"[[97, 75, 190], [97, 75, 188], [66, 219, 235]]",-1.0,-1.0,"[25.113, 26.954, 26.952, 26.949, 26.946]"
1609,76.8.213.231,"[[97, 75, 190], [97, 75, 188], [66, 219, 235]]",-1.0,-1.0,"[25.208, 25.788, 26.317, 26.521, 26.634]"
1610,76.8.213.231,"[[97, 75, 190], [97, 75, 188], [66, 219, 235]]",-1.0,-1.0,"[25.237, 25.805, 26.537, 26.44, 26.515]"
1611,76.8.213.231,"[[97, 75, 190], [97, 75, 188], [66, 219, 235]]",-1.0,-1.0,"[25.139, 26.026, 26.168, 26.512, 26.685]"
1612,76.8.213.231,"[[97, 75, 190], [97, 75, 188], [66, 219, 235]]",-1.0,-1.0,"[25.144, 25.913, 26.688, 26.585, 26.683]"
1613,76.8.213.231,"[[97, 75, 190], [97, 75, 188], [66, 219, 235]]",-1.0,-1.0,"[25.149, 25.93, 26.25, 26.923, 26.562]"
1614,76.8.213.231,"[[97, 75, 190], [97, 75, 188], [66, 219, 235]]",-1.0,-1.0,"[25.143, 25.896, 26.332, 26.469, 26.563]"
1615,76.8.213.231,"[[97, 75, 190], [97, 75, 188], [66, 219, 235]]",-1.0,-1.0,"[25.061, 25.778, 26.375, 26.47, 26.595]"
1616,76.8.213.231,"[[97, 75, 190], [97, 75, 188], [66, 219, 235]]",-1.0,-1.0,"[25.104, 25.846, 26.236, 27.33, 26.684]"
1617,76.8.213.231,"[[97, 75, 190], [97, 75, 188], [66, 219, 235]]",-1.0,-1.0,"[25.286, 25.826, 26.268, 26.559, 26.698]"
1618,76.8.213.231,"[[97, 75, 190], [97, 75, 188], [66, 219, 235]]",-1.0,-1.0,"[25.003, 33.967, 26.248, 26.426, 26.715]"
1619,76.8.213.231,"[[97, 75, 190], [97, 75, 188], [66, 219, 235]]",-1.0,-1.0,"[25.676, 25.767, 26.425, 26.527, 26.632]"
1620,76.8.213.231,"[[97, 75, 190], [97, 75, 188], [66, 219, 235]]",-1.0,-1.0,"[25.209, 26.13, 26.54, 26.542, 26.661]"
1621,76.8.213.231,"[[97, 75, 190], [97, 75, 188], [66, 219, 235]]",-1.0,-1.0,"[25.148, 26.337, 26.308, 26.731, 26.621]"
1622,76.8.213.231,"[[97, 75, 190], [97, 75, 188], [66, 219, 235]]",-1.0,-1.0,"[25.395, 25.92, 26.207, 26.602, 26.526]"
1623,76.8.213.231,"[[97, 75, 190], [97, 75, 188], [66, 219, 235]]",-1.0,-1.0,"[28.463, 28.454, 28.45, 28.446, 28.443]"
1624,76.8.213.231,"[[97, 75, 190], [97, 75, 188], [66, 219, 235]]",-1.0,-1.0,"[25.366, 25.794, 26.439, 26.549, 26.643]"
1625,76.8.213.231,"[[97, 75, 190], [97, 75, 188], [66, 219, 235]]",-1.0,-1.0,"[25.384, 25.945, 26.291, 26.467, 26.558]"
1626,76.8.213.231,"[[97, 75, 190], [97, 75, 188], [66, 219, 235]]",-1.0,-1.0,"[25.114, 25.837, 26.354, 27.668, 26.577]"
1627,76.8.213.231,"[[97, 75, 190], [97, 75, 188], [66, 219, 235]]",-1.0,-1.0,"[25.149, 25.961, 27.148, 26.769, 26.592]"
1628,76.8.213.231,"[[97, 75, 190], [97, 75, 188], [66, 219, 235]]",-1.0,-1.0,"[25.214, 25.831, 26.458, 26.523, 26.674]"
1629,76.8.213.231,"[[97, 75, 190], [97, 75, 188], [66, 219, 235]]",-1.0,-1.0,"[25.249, 26.064, 27.158, 26.719, 26.586]"
1630,76.8.213.231,"[[97, 75, 190], [97, 75, 188], [66, 219, 235]]",-1.0,-1.0,"[25.125, 25.845, 26.274, 29.109, 26.592]"
1631,76.8.213.231,"[[97, 75, 190], [97, 75, 188], [66, 219, 235]]",-1.0,-1.0,"[25.171, 25.957, 26.252, 26.887, 26.691]"
1632,76.8.213.231,"[[97, 75, 190], [97, 75, 188], [66, 219, 235]]",-1.0,-1.0,"[25.066, 26.003, 26.255, 27.986, 26.624]"
1633,76.8.213.231,"[[97, 75, 190], [97, 75, 188], [66, 219, 235]]",-1.0,-1.0,"[25.323, 25.8, 26.25, 26.751, 26.606]"
1634,76.8.213.231,"[[97, 75, 190], [97, 75, 188], [66, 219, 235]]",-1.0,-1.0,"[25.381, 25.767, 26.225, 28.953, 26.63]"
1635,76.8.213.231,"[[97, 75, 190], [97, 75, 188], [66, 219, 235]]",-1.0,-1.0,"[25.26, 25.753, 26.415, 26.815, 26.753]"
1636,76.8.213.231,"[[97, 75, 190], [97, 75, 188], [66, 219, 235]]",-1.0,-1.0,"[25.368, 25.8, 28.825, 26.851, 26.613]"
1637,76.8.213.231,"[[97, 75, 190], [97, 75, 188], [66, 219, 235]]",-1.0,-1.0,"[25.127, 25.811, 26.585, 26.751, 26.597]"
1638,76.8.213.231,"[[97, 75, 190], [97, 75, 188], [66, 219, 235]]",-1.0,-1.0,"[26.327, 29.014, 26.321, 27.179, 26.492]"
1639,76.8.213.231,"[[97, 75, 190], [97, 75, 188], [66, 219, 235]]",-1.0,-1.0,"[24.995, 25.776, 26.27, 26.699, 26.546]"
1640,76.8.213.231,"[[97, 75, 190], [97, 75, 188], [66, 219, 235]]",-1.0,-1.0,"[25.329, 25.883, 26.331, 26.816, 26.698]"
1641,76.8.213.231,"[[97, 75, 190], [97, 75, 188], [66, 219, 235]]",-1.0,-1.0,"[25.214, 25.983, 26.319, 26.71, 26.513]"
1642,76.8.213.231,"[[97, 75, 190], [97, 75, 188], [66, 219, 235]]",-1.0,-1.0,"[25.361, 25.798, 26.178, 27.364, 26.686]"
1643,76.8.213.231,"[[97, 75, 190], [97, 75, 188], [66, 219, 235]]",-1.0,-1.0,"[25.243, 25.8, 26.273, 26.781, 26.582]"
1644,76.8.213.231,"[[97, 75, 190], [97, 75, 188], [66, 219, 235]]",-1.0,-1.0,"[25.051, 26.526, 26.523, 26.674, 26.825]"
1645,76.8.213.231,"[[97, 75, 190], [97, 75, 188], [66, 219, 235]]",-1.0,-1.0,"[26.418, 31.167, 31.165, 31.163, 31.16]"
1646,76.8.213.231,"[[97, 75, 190], [97, 75, 188], [66, 219, 235]]",-1.0,-1.0,"[25.104, 28.407, 26.42, 26.55, 26.636]"
1647,76.8.213.231,"[[97, 75, 190], [97, 75, 188], [66, 219, 235]]",-1.0,-1.0,"[25.299, 42.467, 26.179, 33.323, 26.747]"
1648,76.8.213.231,"[[97, 75, 190], [97, 75, 188], [66, 219, 235]]",-1.0,-1.0,"[25.113, 25.733, 26.429, 26.488, 26.579]"
1649,76.8.213.231,"[[97, 75, 190], [97, 75, 188], [66, 219, 235]]",-1.0,-1.0,"[25.572, 25.922, 27.18, 26.621, 26.732]"
1650,76.8.213.231,"[[97, 75, 190], [97, 75, 188], [66, 219, 235]]",-1.0,-1.0,"[25.978, 26.049, 26.185, 26.679, 26.61]"
1651,76.8.213.231,"[[97, 75, 190], [97, 75, 188], [66, 219, 235]]",-1.0,-1.0,"[25.235, 25.871, 26.238, 26.922, 26.609]"
1652,76.8.213.231,"[[97, 75, 190], [97, 75, 188], [66, 219, 235]]",-1.0,-1.0,"[37.958, 26.279, 26.34, 26.441, 26.525]"
1653,76.8.213.231,"[[97, 75, 190], [97, 75, 188], [66, 219, 235]]",-1.0,-1.0,"[25.187, 25.814, 26.31, 26.833, 26.831]"
1654,76.8.213.231,"[[97, 75, 190], [97, 75, 188], [66, 219, 235]]",-1.0,-1.0,"[24.991, 25.905, 26.266, 26.522, 26.613]"
1655,76.8.213.231,"[[97, 75, 190], [97, 75, 188], [66, 219, 235]]",-1.0,-1.0,"[25.075, 25.795, 26.234, 26.454, 26.574]"
1656,76.8.213.231,"[[97, 75, 190], [97, 75, 188], [66, 219, 235]]",-1.0,-1.0,"[25.167, 25.952, 26.278, 26.502, 26.584]"
1657,76.8.213.231,"[[97, 75, 190], [97, 75, 188], [66, 219, 235]]",-1.0,-1.0,"[25.062, 26.939, 26.476, 26.493, 26.559]"
1658,76.8.213.231,"[[97, 75, 190], [97, 75, 188], [66, 219, 235]]",-1.0,-1.0,"[25.186, 25.943, 29.138, 27.305, 26.589]"
1659,76.8.213.231,"[[97, 75, 190], [97, 75, 188], [66, 219, 235]]",-1.0,-1.0,"[25.31, 26.734, 26.258, 26.593, 26.688]"
1660,76.8.213.231,"[[97, 75, 190], [97, 75, 188], [66, 219, 235]]",-1.0,-1.0,"[25.258, 25.908, 26.2, 26.547, 26.808]"
1661,76.8.213.231,"[[97, 75, 190], [97, 75, 188], [66, 219, 235]]",-1.0,-1.0,"[25.355, 25.803, 26.227, 26.432, 26.533]"
1662,76.8.213.231,"[[97, 75, 190], [97, 75, 188], [66, 219, 235]]",-1.0,-1.0,"[24.936, 25.951, 26.382, 33.343, 26.66]"
1663,76.8.213.231,"[[97, 75, 190], [97, 75, 188], [66, 219, 235]]",-1.0,-1.0,"[45.109, 26.12, 26.166, 26.416, 26.641]"
1664,76.8.213.231,"[[97, 75, 190], [97, 75, 188], [66, 219, 235]]",-1.0,-1.0,"[35.429, 26.183, 26.306, 26.558, 26.662]"
1665,76.8.213.231,"[[97, 75, 190], [97, 75, 188], [66, 219, 235]]",-1.0,-1.0,"[62.407, 29.373, 26.569, 26.712, 26.657]"
1666,76.8.213.231,"[[97, 75, 190], [97, 75, 188], [66, 219, 235]]",-1.0,-1.0,"[24.97, 25.802, 28.167, 26.561, 26.653]"
1667,76.8.213.231,"[[97, 75, 190], [97, 75, 188], [66, 219, 235]]",-1.0,-1.0,"[25.3, 25.827, 27.127, 29.119, 26.565]"
1668,76.8.213.231,"[[97, 75, 190], [97, 75, 188], [66, 219, 235]]",-1.0,-1.0,"[25.324, 25.89, 26.554, 26.972, 26.608]"
1669,76.8.213.231,"[[97, 75, 190], [97, 75, 188], [66, 219, 235]]",-1.0,-1.0,"[25.181, 25.967, 26.336, 26.907, 26.833]"
1670,76.8.213.231,"[[97, 75, 190], [97, 75, 188], [66, 219, 235]]",-1.0,-1.0,"[25.238, 25.963, 26.387, 26.819, 26.734]"
1671,76.8.213.231,"[[97, 75, 190], [97, 75, 188], [66, 219, 235]]",-1.0,-1.0,"[31.098, 26.165, 26.19, 26.833, 26.662]"
1672,76.8.213.231,"[[97, 75, 190], [97, 75, 188], [66, 219, 235]]",-1.0,-1.0,"[24.995, 25.943, 26.3, 26.696, 26.593]"
1673,76.8.213.231,"[[97, 75, 190], [97, 75, 188], [66, 219, 235]]",-1.0,-1.0,"[25.155, 27.541, 26.297, 26.766, 26.612]"
1674,76.8.213.231,"[[97, 75, 190], [97, 75, 188], [66, 219, 235]]",-1.0,-1.0,"[25.407, 26.238, 26.415, 27.107, 26.724]"
1675,76.8.213.231,"[[97, 75, 190], [97, 75, 188], [66, 219, 235]]",-1.0,-1.0,"[25.196, 25.85, 43.595, 26.469, 26.628]"
1676,76.8.213.231,"[[97, 75, 190], [97, 75, 188], [66, 219, 235]]",-1.0,-1.0,"[25.26, 25.88, 26.409, 26.642, 26.755]"
1677,76.8.213.231,"[[97, 75, 190], [97, 75, 188], [66, 219, 235]]",-1.0,-1.0,"[27.771, 27.763, 27.755, 27.746, 27.774]"
1678,76.8.213.231,"[[97, 75, 190], [97, 75, 188], [66, 219, 235]]",-1.0,-1.0,"[25.296, 25.855, 26.27, 26.758, 26.675]"
1679,76.8.213.231,"[[97, 75, 190], [97, 75, 188], [66, 219, 235]]",-1.0,-1.0,"[25.525, 25.861, 28.487, 26.898, 26.579]"
1680,76.8.213.231,"[[97, 75, 190], [97, 75, 188], [66, 219, 235]]",-1.0,-1.0,"[25.21, 25.908, 26.265, 26.692, 26.978]"
1681,76.8.213.231,"[[97, 75, 190], [97, 75, 188], [66, 219, 235]]",-1.0,-1.0,"[25.15, 25.768, 26.468, 29.061, 26.592]"
1682,76.8.213.231,"[[97, 75, 190], [97, 75, 188], [66, 219, 235]]",-1.0,-1.0,"[25.361, 25.945, 26.874, 26.601, 26.697]"
1683,76.8.213.231,"[[97, 75, 190], [97, 75, 188], [66, 219, 235]]",-1.0,-1.0,"[25.177, 25.736, 26.441, 26.689, 26.592]"
1684,76.8.213.231,"[[97, 75, 190], [97, 75, 188], [66, 219, 235]]",-1.0,-1.0,"[25.155, 25.818, 26.357, 26.491, 26.596]"
1685,76.8.213.231,"[[97, 75, 190], [97, 75, 188], [66, 219, 235]]",-1.0,-1.0,"[25.126, 25.927, 26.396, 26.607, 26.694]"
1686,76.8.213.231,"[[97, 75, 190], [97, 75, 188], [66, 219, 235]]",-1.0,-1.0,"[25.046, 25.894, 26.317, 28.195, 26.559]"
1687,76.8.213.231,"[[97, 75, 190], [97, 75, 188], [66, 219, 235]]",-1.0,-1.0,"[25.154, 25.827, 26.241, 26.79, 26.533]"
1688,76.8.213.231,"[[97, 75, 190], [97, 75, 188], [66, 219, 235]]",-1.0,-1.0,"[29.948, 26.565, 26.561, 26.709, 26.626]"
1689,76.8.213.231,"[[97, 75, 190], [97, 75, 188], [66, 219, 235]]",-1.0,-1.0,"[25.283, 25.95, 26.534, 26.768, 26.639]"
1690,76.8.213.231,"[[97, 75, 190], [97, 75, 188], [66, 219, 235]]",-1.0,-1.0,"[25.158, 25.847, 26.3, 26.518, 26.601]"
1691,76.8.213.231,"[[97, 75, 190], [97, 75, 188], [66, 219, 235]]",-1.0,-1.0,"[25.135, 25.758, 26.437, 26.562, 26.722]"
1692,76.8.213.231,"[[97, 75, 190], [97, 75, 188], [66, 219, 235]]",-1.0,-1.0,"[25.104, 25.802, 26.215, 26.485, 26.595]"
1693,76.8.213.231,"[[97, 75, 190], [97, 75, 188], [66, 219, 235]]",-1.0,-1.0,"[25.055, 26.083, 26.219, 26.5, 26.595]"
1694,76.8.213.231,"[[97, 75, 190], [97, 75, 188], [66, 219, 235]]",-1.0,-1.0,"[40.472, 26.064, 26.257, 31.518, 26.669]"
1695,76.8.213.231,"[[97, 75, 190], [97, 75, 188], [66, 219, 235]]",-1.0,-1.0,"[25.199, 25.843, 26.216, 26.483, 26.586]"
1696,76.8.213.231,"[[97, 75, 190], [97, 75, 188], [66, 219, 235]]",-1.0,-1.0,"[25.124, 25.825, 26.285, 37.012, 26.575]"
1697,76.8.213.231,"[[97, 75, 190], [97, 75, 188], [66, 219, 235]]",-1.0,-1.0,"[25.117, 25.887, 26.456, 26.695, 26.608]"
1698,76.8.213.231,"[[97, 75, 190], [97, 75, 188], [66, 219, 235]]",-1.0,-1.0,"[25.058, 25.774, 27.86, 27.858, 29.378]"
1699,76.8.213.231,"[[97, 75, 190], [97, 75, 188], [66, 219, 235]]",-1.0,-1.0,"[25.059, 25.922, 26.227, 26.729, 26.617]"
1700,76.8.213.231,"[[97, 75, 190], [97, 75, 188], [66, 219, 235]]",-1.0,-1.0,"[25.128, 26.464, 26.184, 26.635, 26.507]"
1701,76.8.213.231,"[[97, 75, 190], [97, 75, 188], [66, 219, 235]]",-1.0,-1.0,"[25.119, 25.982, 26.237, 26.724, 26.573]"
1702,76.8.213.231,"[[97, 75, 190], [97, 75, 188], [66, 219, 235]]",-1.0,-1.0,"[25.072, 25.866, 26.395, 27.021, 26.601]"
1703,76.8.213.231,"[[97, 75, 190], [97, 75, 188], [66, 219, 235]]",-1.0,-1.0,"[25.163, 25.957, 26.213, 27.432, 26.742]"
1704,76.8.213.231,"[[97, 75, 190], [97, 75, 188], [66, 219, 235]]",-1.0,-1.0,"[25.319, 25.944, 26.193, 26.938, 26.883]"
1705,76.8.213.231,"[[97, 75, 190], [97, 75, 188], [66, 219, 235]]",-1.0,-1.0,"[25.072, 25.803, 26.267, 26.419, 26.683]"
1706,76.8.213.231,"[[97, 75, 190], [97, 75, 188], [66, 219, 235]]",-1.0,-1.0,"[25.124, 25.854, 26.464, 26.599, 26.649]"
1707,76.8.213.231,"[[97, 75, 190], [97, 75, 188], [66, 219, 235]]",-1.0,-1.0,"[25.143, 25.868, 26.234, 27.799, 26.61]"
1708,76.8.213.231,"[[97, 75, 190], [97, 75, 188], [66, 219, 235]]",-1.0,-1.0,"[24.998, 25.803, 26.261, 27.278, 26.658]"
1709,76.8.213.231,"[[97, 75, 190], [97, 75, 188], [66, 219, 235]]",-1.0,-1.0,"[25.244, 25.878, 26.34, 26.596, 26.681]"
1710,76.8.213.231,"[[97, 75, 190], [97, 75, 188], [66, 219, 235]]",-1.0,-1.0,"[25.334, 25.817, 26.21, 26.594, 26.55]"
1711,76.8.213.231,"[[97, 75, 190], [97, 75, 188], [66, 219, 235]]",-1.0,-1.0,"[25.024, 29.6, 26.256, 26.62, 26.542]"
1712,76.8.213.231,"[[97, 75, 190], [97, 75, 188], [66, 219, 235]]",-1.0,-1.0,"[25.63, 25.84, 26.905, 26.9, 26.896]"
1713,76.8.213.231,"[[97, 75, 190], [97, 75, 188], [66, 219, 235]]",-1.0,-1.0,"[26.113, 26.086, 26.417, 28.77, 26.563]"
1714,76.8.213.231,"[[97, 75, 190], [97, 75, 188], [66, 219, 235]]",-1.0,-1.0,"[25.051, 26.038, 26.25, 28.101, 26.605]"
1715,76.8.213.231,"[[97, 75, 190], [97, 75, 188], [66, 219, 235]]",-1.0,-1.0,"[25.796, 25.908, 26.844, 26.518, 26.6]"
1716,76.8.213.231,"[[97, 75, 190], [97, 75, 188], [66, 219, 235]]",-1.0,-1.0,"[25.14, 25.969, 26.465, 26.546, 26.65]"
1717,76.8.213.231,"[[97, 75, 190], [97, 75, 188], [66, 219, 235]]",-1.0,-1.0,"[25.214, 25.954, 26.184, 26.546, 26.649]"
1718,76.8.213.231,"[[97, 75, 190], [97, 75, 188], [66, 219, 235]]",-1.0,-1.0,"[25.082, 25.944, 26.682, 26.427, 26.544]"
1719,76.8.213.231,"[[97, 75, 190], [97, 75, 188], [66, 219, 235]]",-1.0,-1.0,"[25.118, 25.77, 26.215, 26.631, 26.527]"
1720,76.8.213.231,"[[97, 75, 190], [97, 75, 188], [66, 219, 235]]",-1.0,-1.0,"[25.127, 25.793, 26.401, 26.525, 26.602]"
1721,76.8.213.231,"[[97, 75, 190], [97, 75, 188], [66, 219, 235]]",-1.0,-1.0,"[25.74, 27.936, 26.294, 26.442, 26.56]"
1722,76.8.213.231,"[[97, 75, 190], [97, 75, 188], [66, 219, 235]]",-1.0,-1.0,"[25.264, 25.804, 26.385, 26.727, 26.648]"
1723,76.8.213.231,"[[97, 75, 190], [97, 75, 188], [66, 219, 235]]",-1.0,-1.0,"[25.344, 25.998, 26.371, 26.514, 26.596]"
1724,76.8.213.231,"[[97, 75, 190], [97, 75, 188], [66, 219, 235]]",-1.0,-1.0,"[25.152, 26.21, 26.351, 26.756, 26.629]"
1725,76.8.213.231,"[[97, 75, 190], [97, 75, 188], [66, 219, 235]]",-1.0,-1.0,"[26.026, 26.811, 27.503, 27.499, 33.879]"
1726,76.8.213.231,"[[97, 75, 190], [97, 75, 188], [66, 219, 235]]",-1.0,-1.0,"[25.231, 25.966, 33.224, 26.568, 26.659]"
1727,76.8.213.231,"[[97, 75, 190], [97, 75, 188], [66, 219, 235]]",-1.0,-1.0,"[61.595, 27.009, 26.772, 28.559, 26.579]"
1728,76.8.213.231,"[[97, 75, 190], [97, 75, 188], [66, 219, 235]]",-1.0,-1.0,"[26.305, 26.303, 26.432, 26.564, 26.765]"
1729,76.8.213.231,"[[97, 75, 190], [97, 75, 188], [66, 219, 235]]",-1.0,-1.0,"[25.314, 26.003, 26.24, 26.496, 26.563]"
1730,76.8.213.231,"[[97, 75, 190], [97, 75, 188], [66, 219, 235]]",-1.0,-1.0,"[25.11, 26.025, 29.834, 36.679, 27.643]"
1731,76.8.213.231,"[[97, 75, 190], [97, 75, 188], [66, 219, 235]]",-1.0,-1.0,"[25.135, 31.574, 26.336, 26.591, 26.689]"
1732,76.8.213.231,"[[97, 75, 190], [97, 75, 188], [66, 219, 235]]",-1.0,-1.0,"[25.169, 26.009, 26.411, 26.442, 26.601]"
1733,76.8.213.231,"[[97, 75, 190], [97, 75, 188], [66, 219, 235]]",-1.0,-1.0,"[25.175, 25.826, 26.408, 26.551, 26.611]"
1734,76.8.213.231,"[[97, 75, 190], [97, 75, 188], [66, 219, 235]]",-1.0,-1.0,"[25.207, 25.832, 26.328, 27.636, 26.578]"
1735,76.8.213.231,"[[97, 75, 190], [97, 75, 188], [66, 219, 235]]",-1.0,-1.0,"[41.212, 26.177, 26.254, 26.471, 26.549]"
1736,76.8.213.231,"[[97, 75, 190], [97, 75, 188], [66, 219, 235]]",-1.0,-1.0,"[25.085, 26.005, 26.396, 26.516, 26.606]"
1737,76.8.213.231,"[[97, 75, 190], [97, 75, 188], [66, 219, 235]]",-1.0,-1.0,"[25.263, 25.932, 26.23, 27.509, 26.663]"
1738,76.8.213.231,"[[97, 75, 190], [97, 75, 188], [66, 219, 235]]",-1.0,-1.0,"[25.072, 44.093, 27.147, 26.487, 26.656]"
1739,76.8.213.231,"[[97, 75, 190], [97, 75, 188], [66, 219, 235]]",-1.0,-1.0,"[25.202, 25.866, 32.292, 27.544, 26.678]"
1740,76.8.213.231,"[[97, 75, 190], [97, 75, 188], [66, 219, 235]]",-1.0,-1.0,"[25.33, 28.169, 26.375, 26.608, 26.527]"
1741,76.8.213.231,"[[97, 75, 190], [97, 75, 188], [66, 219, 235]]",-1.0,-1.0,"[25.154, 25.832, 26.297, 26.837, 26.776]"
1742,76.8.213.231,"[[97, 75, 190], [97, 75, 188], [66, 219, 235]]",-1.0,-1.0,"[27.192, 26.115, 30.117, 26.493, 26.638]"
1743,76.8.213.231,"[[97, 75, 190], [97, 75, 188], [66, 219, 235]]",-1.0,-1.0,"[24.966, 25.837, 26.264, 26.437, 26.531]"
1744,76.8.213.231,"[[97, 75, 190], [97, 75, 188], [66, 219, 235]]",-1.0,-1.0,"[25.397, 25.961, 26.452, 26.909, 26.718]"
1745,76.8.213.231,"[[97, 75, 190], [97, 75, 188], [66, 219, 235]]",-1.0,-1.0,"[25.304, 26.16, 26.528, 26.693, 26.708]"
1746,76.8.213.231,"[[97, 75, 190], [97, 75, 188], [66, 219, 235]]",-1.0,-1.0,"[25.581, 25.736, 26.544, 26.46, 26.575]"
1747,76.8.213.231,"[[97, 75, 190], [97, 75, 188], [66, 219, 235]]",-1.0,-1.0,"[25.173, 25.9, 26.261, 26.78, 26.607]"
1748,76.8.213.231,"[[97, 75, 190], [97, 75, 188], [66, 219, 235]]",-1.0,-1.0,"[25.238, 25.816, 26.295, 26.531, 26.607]"
1749,76.8.213.231,"[[97, 75, 190], [97, 75, 188], [66, 219, 235]]",-1.0,-1.0,"[25.257, 25.765, 26.346, 26.639, 26.539]"
1750,76.8.213.231,"[[97, 75, 190], [97, 75, 188], [66, 219, 235]]",-1.0,-1.0,"[26.401, 26.31, 26.36, 26.483, 26.542]"
1751,76.8.213.231,"[[97, 75, 190], [97, 75, 188], [66, 219, 235]]",-1.0,-1.0,"[25.596, 25.795, 26.448, 26.575, 26.627]"
1752,76.8.213.231,"[[97, 75, 190], [97, 75, 188], [66, 219, 235]]",-1.0,-1.0,"[25.115, 26.013, 26.251, 26.834, 26.617]"
1753,76.8.213.231,"[[97, 75, 190], [97, 75, 188], [66, 219, 235]]",-1.0,-1.0,"[25.135, 25.996, 26.243, 26.765, 26.722]"
1754,76.8.213.231,"[[97, 75, 190], [97, 75, 188], [66, 219, 235]]",-1.0,-1.0,"[25.436, 25.753, 28.319, 26.668, 26.589]"
1755,76.8.213.231,"[[97, 75, 190], [97, 75, 188], [66, 219, 235]]",-1.0,-1.0,"[25.037, 25.957, 26.269, 26.588, 26.679]"
1756,76.8.213.231,"[[97, 75, 190], [97, 75, 188], [66, 219, 235]]",-1.0,-1.0,"[25.439, 25.944, 26.23, 26.652, 26.943]"
1757,76.8.213.231,"[[97, 75, 190], [97, 75, 188], [66, 219, 235]]",-1.0,-1.0,"[25.111, 25.83, 26.346, 26.491, 26.54]"
1758,76.8.213.231,"[[97, 75, 190], [97, 75, 188], [66, 219, 235]]",-1.0,-1.0,"[25.219, 26.045, 26.303, 26.473, 26.665]"
1759,76.8.213.231,"[[97, 75, 190], [97, 75, 188], [66, 219, 235]]",-1.0,-1.0,"[25.018, 25.754, 26.273, 28.132, 26.608]"
1760,76.8.213.231,"[[97, 75, 190], [97, 75, 188], [66, 219, 235]]",-1.0,-1.0,"[25.066, 25.809, 26.316, 26.477, 26.6]"
1761,76.8.213.231,"[[97, 75, 190], [97, 75, 188], [66, 219, 235]]",-1.0,-1.0,"[25.341, 25.786, 26.155, 26.73, 26.642]"
1762,76.8.213.231,"[[97, 75, 190], [97, 75, 188], [66, 219, 235]]",-1.0,-1.0,"[25.204, 25.899, 26.349, 26.751, 26.557]"
1763,76.8.213.231,"[[97, 75, 190], [97, 75, 188], [66, 219, 235]]",-1.0,-1.0,"[25.198, 25.915, 26.194, 26.632, 26.502]"
1764,76.8.213.231,"[[97, 75, 190], [97, 75, 188], [66, 219, 235]]",-1.0,-1.0,"[25.331, 26.085, 26.249, 26.906, 26.669]"
1765,76.8.213.231,"[[97, 75, 190], [97, 75, 188], [66, 219, 235]]",-1.0,-1.0,"[25.251, 25.807, 26.191, 26.497, 26.617]"
1766,76.8.213.231,"[[97, 75, 190], [97, 75, 188], [66, 219, 235]]",-1.0,-1.0,"[25.141, 26.013, 26.202, 26.464, 26.55]"
1767,76.8.213.231,"[[97, 75, 190], [97, 75, 188], [66, 219, 235]]",-1.0,-1.0,"[25.366, 25.809, 26.339, 26.529, 26.628]"
1768,76.8.213.231,"[[97, 75, 190], [97, 75, 188], [66, 219, 235]]",-1.0,-1.0,"[27.8, 26.408, 26.574, 26.468, 26.559]"
1769,76.8.213.231,"[[97, 75, 190], [97, 75, 188], [66, 219, 235]]",-1.0,-1.0,"[25.283, 25.817, 26.306, 26.699, 26.578]"
1770,76.8.213.231,"[[97, 75, 190], [97, 75, 188], [66, 219, 235]]",-1.0,-1.0,"[32.468, 32.283, 32.46, 32.458, 32.549]"
1771,76.8.213.231,"[[97, 75, 190], [97, 75, 188], [66, 219, 235]]",-1.0,-1.0,"[31.942, 31.99, 32.122, 32.12, 32.363]"
1772,76.8.213.231,"[[97, 75, 190], [97, 75, 188], [66, 219, 235]]",-1.0,-1.0,"[31.719, 35.483, 33.537, 53.411, 33.528]"
1773,76.8.213.231,"[[97, 75, 190], [97, 75, 188], [66, 219, 235]]",-1.0,-1.0,"[31.623, 31.862, 32.07, 32.075, 32.515]"
1774,76.8.213.231,"[[97, 75, 190], [97, 75, 188], [66, 219, 235]]",-1.0,-1.0,"[31.781, 31.938, 32.243, 32.021, 32.438]"
1775,76.8.213.231,"[[97, 75, 190], [97, 75, 188], [66, 219, 235]]",-1.0,-1.0,"[31.448, 32.997, 32.244, 32.984, 32.546]"
1776,76.8.213.231,"[[97, 75, 190], [97, 75, 188], [66, 219, 235]]",-1.0,-1.0,"[31.646, 31.667, 32.072, 32.24, 32.423]"
1777,76.8.213.231,"[[97, 75, 190], [97, 75, 188], [66, 219, 235]]",-1.0,-1.0,"[33.138, 33.29, 33.534, 33.396, 33.819]"
1778,76.8.213.231,"[[97, 75, 190], [97, 75, 188], [66, 219, 235]]",-1.0,-1.0,"[31.875, 31.915, 32.983, 32.057, 32.489]"
1779,76.8.213.231,"[[97, 75, 190], [97, 75, 188], [66, 219, 235]]",-1.0,-1.0,"[31.383, 31.764, 47.035, 32.028, 32.518]"
1780,76.8.213.231,"[[97, 75, 190], [97, 75, 188], [66, 219, 235]]",-1.0,-1.0,"[31.545, 31.907, 41.676, 32.031, 32.43]"
1781,76.8.213.231,"[[97, 75, 190], [97, 75, 188], [66, 219, 235]]",-1.0,-1.0,"[32.32, 32.251, 32.584, 33.168, 32.578]"
1782,76.8.213.231,"[[97, 75, 190], [97, 75, 188], [66, 219, 235]]",-1.0,-1.0,"[31.754, 31.706, 32.3, 32.271, 32.571]"
1783,76.8.213.231,"[[97, 75, 190], [97, 75, 188], [66, 219, 235]]",-1.0,-1.0,"[31.361, 31.828, 42.795, 32.255, 32.399]"
1784,76.8.213.231,"[[97, 75, 190], [97, 75, 188], [66, 219, 235]]",-1.0,-1.0,"[31.492, 32.071, 32.2, 32.272, 32.396]"
1785,76.8.213.231,"[[97, 75, 190], [97, 75, 188], [66, 219, 235]]",-1.0,-1.0,"[31.603, 32.288, 32.285, 32.334, 32.538]"
1786,76.8.213.231,"[[97, 75, 190], [97, 75, 188], [66, 219, 235]]",-1.0,-1.0,"[32.917, 31.834, 32.349, 32.345, 32.584]"
1787,76.8.213.231,"[[97, 75, 190], [97, 75, 188], [66, 219, 235]]",-1.0,-1.0,"[33.365, 33.054, 41.388, 33.043, 33.038]"
1788,76.8.213.231,"[[97, 75, 190], [97, 75, 188], [66, 219, 235]]",-1.0,-1.0,"[32.022, 31.967, 32.101, 32.289, 32.357]"
1789,76.8.213.231,"[[97, 75, 190], [97, 75, 188], [66, 219, 235]]",-1.0,-1.0,"[31.586, 32.745, 32.086, 32.514, 32.458]"
1790,76.8.213.231,"[[97, 75, 190], [97, 75, 188], [66, 219, 235]]",-1.0,-1.0,"[52.173, 35.656, 35.653, 35.649, 35.645]"
1791,76.8.213.231,"[[97, 75, 190], [97, 75, 188], [66, 219, 235]]",-1.0,-1.0,"[32.442, 31.961, 32.101, 32.247, 32.55]"
1792,76.8.213.231,"[[97, 75, 190], [97, 75, 188], [66, 219, 235]]",-1.0,-1.0,"[31.422, 32.066, 32.193, 32.082, 32.472]"
1793,76.8.213.231,"[[97, 75, 190], [97, 75, 188], [66, 219, 235]]",-1.0,-1.0,"[31.83, 31.826, 32.029, 32.377, 32.419]"
1794,76.8.213.231,"[[97, 75, 190], [97, 75, 188], [66, 219, 235]]",-1.0,-1.0,"[34.076, 32.195, 33.278, 32.649, 33.089]"
1795,76.8.213.231,"[[97, 75, 190], [97, 75, 188], [66, 219, 235]]",-1.0,-1.0,"[37.469, 32.099, 32.042, 32.33, 32.56]"
1796,76.8.213.231,"[[97, 75, 190], [97, 75, 188], [66, 219, 235]]",-1.0,-1.0,"[31.427, 31.883, 36.634, 32.355, 32.477]"
1797,76.8.213.231,"[[97, 75, 190], [97, 75, 188], [66, 219, 235]]",-1.0,-1.0,"[31.623, 32.087, 32.613, 33.166, 32.605]"
1798,76.8.213.231,"[[97, 75, 190], [97, 75, 188], [66, 219, 235]]",-1.0,-1.0,"[31.542, 31.996, 32.199, 32.015, 32.471]"
1799,76.8.213.231,"[[97, 75, 190], [97, 75, 188], [66, 219, 235]]",-1.0,-1.0,"[31.449, 31.896, 32.122, 32.118, 32.622]"
1800,76.8.213.231,"[[97, 75, 190], [97, 75, 188], [66, 219, 235]]",-1.0,-1.0,"[32.139, 32.249, 32.182, 32.365, 32.567]"
1801,76.8.213.231,"[[97, 75, 190], [97, 75, 188], [66, 219, 235]]",-1.0,-1.0,"[31.491, 31.917, 32.17, 32.168, 32.474]"
1802,76.8.213.231,"[[97, 75, 190], [97, 75, 188], [66, 219, 235]]",-1.0,-1.0,"[31.827, 31.866, 32.063, 32.757, 32.48]"
1803,76.8.213.231,"[[97, 75, 190], [97, 75, 188], [66, 219, 235]]",-1.0,-1.0,"[33.348, 32.702, 32.277, 32.663, 32.69]"
1804,76.8.213.231,"[[97, 75, 190], [97, 75, 188], [66, 219, 235]]",-1.0,-1.0,"[31.98, 66.31, 32.198, 32.385, 32.576]"
1805,76.8.213.231,"[[97, 75, 190], [97, 75, 188], [66, 219, 235]]",-1.0,-1.0,"[31.469, 35.768, 33.435, 32.514, 32.425]"
1806,76.8.213.231,"[[97, 75, 190], [97, 75, 188], [66, 219, 235]]",-1.0,-1.0,"[31.645, 32.036, 32.243, 32.326, 32.565]"
1807,76.8.213.231,"[[97, 75, 190], [97, 75, 188], [66, 219, 235]]",-1.0,-1.0,"[31.464, 32.797, 33.175, 32.791, 32.7]"
1808,76.8.213.231,"[[97, 75, 190], [97, 75, 188], [66, 219, 235]]",-1.0,-1.0,"[34.074, 34.152, 34.638, 34.063, 35.106]"
1809,76.8.213.231,"[[97, 75, 190], [97, 75, 188], [66, 219, 235]]",-1.0,-1.0,"[32.089, 32.124, 32.164, 32.335, 32.429]"
1810,76.8.213.231,"[[97, 75, 190], [97, 75, 188], [66, 219, 235]]",-1.0,-1.0,"[31.555, 31.901, 45.41, 33.022, 32.488]"
1811,76.8.213.231,"[[97, 75, 190], [97, 75, 188], [66, 219, 235]]",-1.0,-1.0,"[31.402, 31.778, 32.121, 32.096, 32.578]"
1812,76.8.213.231,"[[97, 75, 190], [97, 75, 188], [66, 219, 235]]",-1.0,-1.0,"[31.379, 31.841, 32.05, 32.047, 32.456]"
1813,76.8.213.231,"[[97, 75, 190], [97, 75, 188], [66, 219, 235]]",-1.0,-1.0,"[63.566, 31.971, 32.035, 32.469, 32.552]"
1814,76.8.213.231,"[[97, 75, 190], [97, 75, 188], [66, 219, 235]]",-1.0,-1.0,"[31.54, 31.908, 32.328, 32.883, 32.383]"
1815,76.8.213.231,"[[97, 75, 190], [97, 75, 188], [66, 219, 235]]",-1.0,-1.0,"[31.423, 31.806, 31.995, 32.22, 32.575]"
1816,76.8.213.231,"[[97, 75, 190], [97, 75, 188], [66, 219, 235]]",-1.0,-1.0,"[34.201, 52.069, 32.317, 40.084, 32.861]"
1817,76.8.213.231,"[[97, 75, 190], [97, 75, 188], [66, 219, 235]]",-1.0,-1.0,"[31.454, 31.964, 32.054, 32.028, 32.395]"
1818,76.8.213.231,"[[97, 75, 190], [97, 75, 188], [66, 219, 235]]",-1.0,-1.0,"[32.908, 32.905, 33.133, 32.9, 32.897]"
1819,76.8.213.231,"[[97, 75, 190], [97, 75, 188], [66, 219, 235]]",-1.0,-1.0,"[32.105, 32.152, 32.147, 32.395, 32.391]"
1820,76.8.213.231,"[[97, 75, 190], [97, 75, 188], [66, 219, 235]]",-1.0,-1.0,"[31.741, 31.997, 32.329, 32.142, 33.088]"
1821,76.8.213.231,"[[97, 75, 190], [97, 75, 188], [66, 219, 235]]",-1.0,-1.0,"[31.875, 34.792, 32.26, 37.284, 33.422]"
1822,76.8.213.231,"[[97, 75, 190], [97, 75, 188], [66, 219, 235]]",-1.0,-1.0,"[31.478, 31.81, 32.072, 32.07, 32.468]"
1823,76.8.213.231,"[[97, 75, 190], [97, 75, 188], [66, 219, 235]]",-1.0,-1.0,"[34.309, 32.043, 32.067, 32.385, 32.359]"
1824,76.8.213.231,"[[97, 75, 190], [97, 75, 188], [66, 219, 235]]",-1.0,-1.0,"[31.859, 32.089, 32.088, 55.376, 32.393]"
1825,76.8.213.231,"[[97, 75, 190], [97, 75, 188], [66, 219, 235]]",-1.0,-1.0,"[31.316, 32.068, 32.242, 35.392, 32.428]"
1826,76.8.213.231,"[[97, 75, 190], [97, 75, 188], [66, 219, 235]]",-1.0,-1.0,"[31.579, 31.802, 32.456, 32.43, 32.578]"
1827,76.8.213.231,"[[97, 75, 190], [97, 75, 188], [66, 219, 235]]",-1.0,-1.0,"[31.886, 31.883, 32.109, 32.062, 32.577]"
1828,76.8.213.231,"[[97, 75, 190], [97, 75, 188], [66, 219, 235]]",-1.0,-1.0,"[31.497, 31.777, 32.089, 32.244, 32.437]"
1829,76.8.213.231,"[[97, 75, 190], [97, 75, 188], [66, 219, 235]]",-1.0,-1.0,"[41.797, 32.351, 32.054, 32.417, 32.413]"
1830,76.8.213.231,"[[97, 75, 190], [97, 75, 188], [66, 219, 235]]",-1.0,-1.0,"[31.661, 31.942, 32.208, 32.126, 32.478]"
1831,76.8.213.231,"[[97, 75, 190], [97, 75, 188], [66, 219, 235]]",-1.0,-1.0,"[31.625, 31.665, 32.012, 36.182, 32.443]"
1832,76.8.213.231,"[[97, 75, 190], [97, 75, 188], [66, 219, 235]]",-1.0,-1.0,"[31.819, 31.983, 32.279, 32.248, 32.671]"
1833,76.8.213.231,"[[97, 75, 190], [97, 75, 188], [66, 219, 235]]",-1.0,-1.0,"[31.453, 31.721, 32.149, 32.939, 32.462]"
1834,76.8.213.231,"[[97, 75, 190], [97, 75, 188], [66, 219, 235]]",-1.0,-1.0,"[31.624, 31.875, 32.087, 32.066, 32.555]"
1835,76.8.213.231,"[[97, 75, 190], [97, 75, 188], [66, 219, 235]]",-1.0,-1.0,"[31.479, 31.739, 32.261, 32.142, 32.503]"
1836,76.8.213.231,"[[97, 75, 190], [97, 75, 188], [66, 219, 235]]",-1.0,-1.0,"[31.581, 31.777, 32.173, 32.36, 32.525]"
1837,76.8.213.231,"[[97, 75, 190], [97, 75, 188], [66, 219, 235]]",-1.0,-1.0,"[31.466, 31.822, 32.145, 32.306, 32.613]"
1838,76.8.213.231,"[[97, 75, 190], [97, 75, 188], [66, 219, 235]]",-1.0,-1.0,"[31.875, 32.148, 32.144, 32.303, 32.546]"
1839,76.8.213.231,"[[97, 75, 190], [97, 75, 188], [66, 219, 235]]",-1.0,-1.0,"[31.401, 31.947, 35.481, 32.317, 32.37]"
1840,76.8.213.231,"[[97, 75, 190], [97, 75, 188], [66, 219, 235]]",-1.0,-1.0,"[31.929, 31.97, 32.031, 32.232, 32.474]"
1841,76.8.213.231,"[[97, 75, 190], [97, 75, 188], [66, 219, 235]]",-1.0,-1.0,"[31.651, 31.679, 32.263, 32.304, 32.449]"
1842,76.8.213.231,"[[97, 75, 190], [97, 75, 188], [66, 219, 235]]",-1.0,-1.0,"[31.726, 32.071, 32.335, 32.444, 32.475]"
1843,76.8.213.231,"[[97, 75, 190], [97, 75, 188], [66, 219, 235]]",-1.0,-1.0,"[31.439, 31.874, 32.245, 32.412, 32.435]"
1844,76.8.213.231,"[[97, 75, 190], [97, 75, 188], [66, 219, 235]]",-1.0,-1.0,"[31.497, 31.782, 32.016, 32.167, 32.425]"
1845,76.8.213.231,"[[97, 75, 190], [97, 75, 188], [66, 219, 235]]",-1.0,-1.0,"[31.501, 32.105, 32.171, 43.568, 32.566]"
1846,76.8.213.231,"[[97, 75, 190], [97, 75, 188], [66, 219, 235]]",-1.0,-1.0,"[31.874, 32.144, 32.142, 32.331, 32.514]"
1847,76.8.213.231,"[[97, 75, 190], [97, 75, 188], [66, 219, 235]]",-1.0,-1.0,"[31.409, 31.748, 32.532, 32.051, 32.524]"
1848,76.8.213.231,"[[97, 75, 190], [97, 75, 188], [66, 219, 235]]",-1.0,-1.0,"[31.827, 31.823, 32.186, 32.07, 32.407]"
1849,76.8.213.231,"[[97, 75, 190], [97, 75, 188], [66, 219, 235]]",-1.0,-1.0,"[31.482, 31.786, 32.086, 40.447, 32.504]"
1850,76.8.213.231,"[[97, 75, 190], [97, 75, 188], [66, 219, 235]]",-1.0,-1.0,"[31.667, 31.665, 32.215, 35.106, 32.446]"
1851,76.8.213.231,"[[97, 75, 190], [97, 75, 188], [66, 219, 235]]",-1.0,-1.0,"[31.413, 31.83, 32.048, 32.381, 32.396]"
1852,76.8.213.231,"[[97, 75, 190], [97, 75, 188], [66, 219, 235]]",-1.0,-1.0,"[31.561, 56.909, 33.086, 36.009, 32.697]"
1853,76.8.213.231,"[[97, 75, 190], [97, 75, 188], [66, 219, 235]]",-1.0,-1.0,"[31.69, 31.768, 32.062, 32.28, 32.473]"
1854,76.8.213.231,"[[97, 75, 190], [97, 75, 188], [66, 219, 235]]",-1.0,-1.0,"[31.79, 32.363, 32.227, 32.356, 32.501]"
1855,76.8.213.231,"[[97, 75, 190], [97, 75, 188], [66, 219, 235]]",-1.0,-1.0,"[31.46, 32.255, 32.204, 32.249, 32.503]"
1856,76.8.213.231,"[[97, 75, 190], [97, 75, 188], [66, 219, 235]]",-1.0,-1.0,"[31.468, 31.768, 32.19, 32.279, 32.434]"
1857,76.8.213.231,"[[97, 75, 190], [97, 75, 188], [66, 219, 235]]",-1.0,-1.0,"[31.423, 32.237, 32.368, 47.887, 32.457]"
1858,76.8.213.231,"[[97, 75, 190], [97, 75, 188], [66, 219, 235]]",-1.0,-1.0,"[31.482, 31.719, 32.23, 32.616, 32.613]"
1859,76.8.213.231,"[[97, 75, 190], [97, 75, 188], [66, 219, 235]]",-1.0,-1.0,"[32.15, 32.1, 32.48, 32.132, 32.474]"
1860,76.8.213.231,"[[97, 75, 190], [97, 75, 188], [66, 219, 235]]",-1.0,-1.0,"[31.386, 31.868, 32.521, 40.546, 32.572]"
1861,76.8.213.231,"[[97, 75, 190], [97, 75, 188], [66, 219, 235]]",-1.0,-1.0,"[31.481, 32.947, 32.317, 34.415, 32.457]"
1862,76.8.213.231,"[[97, 75, 190], [97, 75, 188], [66, 219, 235]]",-1.0,-1.0,"[31.431, 32.115, 32.112, 33.371, 32.544]"
1863,76.8.213.231,"[[97, 75, 190], [97, 75, 188], [66, 219, 235]]",-1.0,-1.0,"[36.881, 53.476, 38.171, 38.163, 38.159]"
1864,76.8.213.231,"[[97, 75, 190], [97, 75, 188], [66, 219, 235]]",-1.0,-1.0,"[36.752, 37.572, 37.763, 37.76, 37.78]"
1865,76.8.213.231,"[[97, 75, 190], [97, 75, 188], [66, 219, 235]]",-1.0,-1.0,"[36.641, 39.129, 37.934, 38.021, 37.925]"
1866,76.8.213.231,"[[97, 75, 190], [97, 75, 188], [66, 219, 235]]",-1.0,-1.0,"[36.642, 38.967, 39.53, 38.146, 37.979]"
1867,76.8.213.231,"[[97, 75, 190], [97, 75, 188], [66, 219, 235]]",-1.0,-1.0,"[37.153, 37.409, 37.683, 37.679, 37.919]"
1868,76.8.213.231,"[[97, 75, 190], [97, 75, 188], [66, 219, 235]]",-1.0,-1.0,"[38.778, 37.444, 37.93, 37.75, 37.925]"
1869,76.8.213.231,"[[97, 75, 190], [97, 75, 188], [66, 219, 235]]",-1.0,-1.0,"[36.659, 37.187, 37.754, 37.75, 37.905]"
1870,76.8.213.231,"[[97, 75, 190], [97, 75, 188], [66, 219, 235]]",-1.0,-1.0,"[37.135, 37.19, 37.801, 37.733, 37.729]"
1871,76.8.213.231,"[[97, 75, 190], [97, 75, 188], [66, 219, 235]]",-1.0,-1.0,"[37.069, 37.223, 37.736, 37.714, 37.789]"
1872,76.8.213.231,"[[97, 75, 190], [97, 75, 188], [66, 219, 235]]",-1.0,-1.0,"[37.193, 37.356, 39.761, 37.793, 37.933]"
1873,76.8.213.231,"[[97, 75, 190], [97, 75, 188], [66, 219, 235]]",-1.0,-1.0,"[37.02, 37.063, 37.703, 37.673, 37.808]"
1874,76.8.213.231,"[[97, 75, 190], [97, 75, 188], [66, 219, 235]]",-1.0,-1.0,"[37.03, 37.176, 37.716, 37.714, 37.899]"
1875,76.8.213.231,"[[97, 75, 190], [97, 75, 188], [66, 219, 235]]",-1.0,-1.0,"[37.08, 54.822, 37.886, 44.731, 37.855]"
1876,76.8.213.231,"[[97, 75, 190], [97, 75, 188], [66, 219, 235]]",-1.0,-1.0,"[37.139, 37.526, 37.677, 37.733, 37.919]"
1877,76.8.213.231,"[[97, 75, 190], [97, 75, 188], [66, 219, 235]]",-1.0,-1.0,"[37.793, 37.347, 37.785, 37.959, 37.956]"
1878,76.8.213.231,"[[97, 75, 190], [97, 75, 188], [66, 219, 235]]",-1.0,-1.0,"[36.816, 37.242, 37.953, 37.909, 37.905]"
1879,76.8.213.231,"[[97, 75, 190], [97, 75, 188], [66, 219, 235]]",-1.0,-1.0,"[36.852, 37.165, 37.792, 37.789, 37.869]"
1880,76.8.213.231,"[[97, 75, 190], [97, 75, 188], [66, 219, 235]]",-1.0,-1.0,"[36.794, 37.108, 37.714, 37.669, 37.811]"
1881,76.8.213.231,"[[97, 75, 190], [97, 75, 188], [66, 219, 235]]",-1.0,-1.0,"[38.506, 38.655, 72.708, 38.642, 38.636]"
1882,76.8.213.231,"[[97, 75, 190], [97, 75, 188], [66, 219, 235]]",-1.0,-1.0,"[36.603, 37.389, 37.687, 37.648, 37.801]"
1883,76.8.213.231,"[[97, 75, 190], [97, 75, 188], [66, 219, 235]]",-1.0,-1.0,"[37.257, 37.187, 37.891, 37.74, 37.738]"
1884,76.8.213.231,"[[97, 75, 190], [97, 75, 188], [66, 219, 235]]",-1.0,-1.0,"[40.251, 37.335, 38.265, 37.886, 37.883]"
1885,76.8.213.231,"[[97, 75, 190], [97, 75, 188], [66, 219, 235]]",-1.0,-1.0,"[37.106, 37.464, 37.9, 37.896, 37.891]"
1886,76.8.213.231,"[[97, 75, 190], [97, 75, 188], [66, 219, 235]]",-1.0,-1.0,"[36.89, 37.414, 40.888, 37.709, 37.809]"
1887,76.8.213.231,"[[97, 75, 190], [97, 75, 188], [66, 219, 235]]",-1.0,-1.0,"[36.758, 37.241, 37.871, 37.748, 37.744]"
1888,76.8.213.231,"[[97, 75, 190], [97, 75, 188], [66, 219, 235]]",-1.0,-1.0,"[36.903, 39.533, 37.731, 38.023, 37.805]"
1889,76.8.213.231,"[[97, 75, 190], [97, 75, 188], [66, 219, 235]]",-1.0,-1.0,"[36.56, 37.277, 37.74, 37.735, 37.956]"
1890,76.8.213.231,"[[97, 75, 190], [97, 75, 188], [66, 219, 235]]",-1.0,-1.0,"[36.647, 37.243, 37.927, 37.727, 37.905]"
1891,76.8.213.231,"[[97, 75, 190], [97, 75, 188], [66, 219, 235]]",-1.0,-1.0,"[36.565, 37.174, 37.993, 37.679, 37.761]"
1892,76.8.213.231,"[[97, 75, 190], [97, 75, 188], [66, 219, 235]]",-1.0,-1.0,"[36.667, 37.04, 37.749, 37.744, 37.81]"
1893,76.8.213.231,"[[97, 75, 190], [97, 75, 188], [66, 219, 235]]",-1.0,-1.0,"[36.718, 38.911, 37.905, 38.179, 37.938]"
1894,76.8.213.231,"[[97, 75, 190], [97, 75, 188], [66, 219, 235]]",-1.0,-1.0,"[37.052, 37.235, 37.928, 37.743, 37.978]"
1895,76.8.213.231,"[[97, 75, 190], [97, 75, 188], [66, 219, 235]]",-1.0,-1.0,"[36.746, 37.501, 38.197, 38.006, 37.991]"
1896,76.8.213.231,"[[97, 75, 190], [97, 75, 188], [66, 219, 235]]",-1.0,-1.0,"[36.668, 37.377, 37.992, 37.75, 37.888]"
1897,76.8.213.231,"[[97, 75, 190], [97, 75, 188], [66, 219, 235]]",-1.0,-1.0,"[36.676, 37.903, 37.9, 37.898, 37.953]"
1898,76.8.213.231,"[[97, 75, 190], [97, 75, 188], [66, 219, 235]]",-1.0,-1.0,"[36.701, 37.404, 37.956, 41.176, 37.847]"
1899,76.8.213.231,"[[97, 75, 190], [97, 75, 188], [66, 219, 235]]",-1.0,-1.0,"[36.81, 37.327, 37.968, 43.206, 37.957]"
1900,76.8.213.231,"[[97, 75, 190], [97, 75, 188], [66, 219, 235]]",-1.0,-1.0,"[36.696, 37.343, 38.189, 37.771, 37.847]"
1901,76.8.213.231,"[[97, 75, 190], [97, 75, 188], [66, 219, 235]]",-1.0,-1.0,"[36.947, 37.413, 37.994, 38.305, 37.736]"
1902,76.8.213.231,"[[97, 75, 190], [97, 75, 188], [66, 219, 235]]",-1.0,-1.0,"[38.128, 37.416, 37.82, 37.805, 37.955]"
1903,76.8.213.231,"[[97, 75, 190], [97, 75, 188], [66, 219, 235]]",-1.0,-1.0,"[36.904, 37.233, 37.814, 37.735, 37.808]"
1904,76.8.213.231,"[[97, 75, 190], [97, 75, 188], [66, 219, 235]]",-1.0,-1.0,"[53.06, 38.252, 37.92, 38.139, 37.915]"
1905,76.8.213.231,"[[97, 75, 190], [97, 75, 188], [66, 219, 235]]",-1.0,-1.0,"[37.192, 37.256, 37.846, 53.748, 37.86]"
1906,76.8.213.231,"[[97, 75, 190], [97, 75, 188], [66, 219, 235]]",-1.0,-1.0,"[36.976, 37.443, 37.85, 37.775, 37.789]"
1907,76.8.213.231,"[[97, 75, 190], [97, 75, 188], [66, 219, 235]]",-1.0,-1.0,"[37.007, 37.452, 37.711, 37.84, 37.813]"
1908,76.8.213.231,"[[97, 75, 190], [97, 75, 188], [66, 219, 235]]",-1.0,-1.0,"[36.83, 37.289, 38.163, 37.894, 37.939]"
1909,76.8.213.231,"[[97, 75, 190], [97, 75, 188], [66, 219, 235]]",-1.0,-1.0,"[37.214, 61.312, 38.08, 38.268, 38.074]"
1910,76.8.213.231,"[[97, 75, 190], [97, 75, 188], [66, 219, 235]]",-1.0,-1.0,"[36.869, 37.226, 47.311, 37.815, 37.773]"
1911,76.8.213.231,"[[97, 75, 190], [97, 75, 188], [66, 219, 235]]",-1.0,-1.0,"[37.04, 37.214, 37.888, 37.885, 38.109]"
1912,76.8.213.231,"[[97, 75, 190], [97, 75, 188], [66, 219, 235]]",-1.0,-1.0,"[36.873, 37.395, 38.751, 37.854, 37.864]"
1913,76.8.213.231,"[[97, 75, 190], [97, 75, 188], [66, 219, 235]]",-1.0,-1.0,"[37.082, 38.249, 38.358, 38.061, 37.794]"
1914,76.8.213.231,"[[97, 75, 190], [97, 75, 188], [66, 219, 235]]",-1.0,-1.0,"[37.0, 37.247, 37.792, 37.789, 37.971]"
1915,76.8.213.231,"[[97, 75, 190], [97, 75, 188], [66, 219, 235]]",-1.0,-1.0,"[36.866, 37.1, 37.819, 37.709, 37.705]"
1916,76.8.213.231,"[[97, 75, 190], [97, 75, 188], [66, 219, 235]]",-1.0,-1.0,"[37.144, 37.198, 54.483, 37.733, 37.752]"
1917,76.8.213.231,"[[97, 75, 190], [97, 75, 188], [66, 219, 235]]",-1.0,-1.0,"[39.534, 39.531, 39.585, 39.808, 39.769]"
1918,76.8.213.231,"[[97, 75, 190], [97, 75, 188], [66, 219, 235]]",-1.0,-1.0,"[36.79, 37.247, 37.849, 37.741, 37.83]"
1919,76.8.213.231,"[[97, 75, 190], [97, 75, 188], [66, 219, 235]]",-1.0,-1.0,"[36.821, 48.361, 37.847, 38.02, 37.847]"
1920,76.8.213.231,"[[97, 75, 190], [97, 75, 188], [66, 219, 235]]",-1.0,-1.0,"[36.62, 37.353, 37.796, 37.766, 38.006]"
1921,76.8.213.231,"[[97, 75, 190], [97, 75, 188], [66, 219, 235]]",-1.0,-1.0,"[36.746, 37.274, 37.874, 37.84, 37.835]"
1922,76.8.213.231,"[[97, 75, 190], [97, 75, 188], [66, 219, 235]]",-1.0,-1.0,"[36.559, 37.464, 37.971, 37.765, 37.829]"
1923,76.8.213.231,"[[97, 75, 190], [97, 75, 188], [66, 219, 235]]",-1.0,-1.0,"[37.405, 37.316, 37.867, 37.805, 37.775]"
1924,76.8.213.231,"[[97, 75, 190], [97, 75, 188], [66, 219, 235]]",-1.0,-1.0,"[36.764, 44.455, 38.042, 38.267, 37.77]"
1925,76.8.213.231,"[[97, 75, 190], [97, 75, 188], [66, 219, 235]]",-1.0,-1.0,"[36.703, 37.26, 37.763, 43.577, 37.755]"
1926,76.8.213.231,"[[97, 75, 190], [97, 75, 188], [66, 219, 235]]",-1.0,-1.0,"[36.84, 37.375, 37.966, 37.743, 37.738]"
1927,76.8.213.231,"[[97, 75, 190], [97, 75, 188], [66, 219, 235]]",-1.0,-1.0,"[36.914, 37.142, 37.837, 37.721, 37.718]"
1928,76.8.213.231,"[[97, 75, 190], [97, 75, 188], [66, 219, 235]]",-1.0,-1.0,"[37.058, 37.259, 37.938, 37.933, 37.789]"
1929,76.8.213.231,"[[97, 75, 190], [97, 75, 188], [66, 219, 235]]",-1.0,-1.0,"[36.829, 37.163, 37.81, 37.748, 37.82]"
1930,76.8.213.231,"[[97, 75, 190], [97, 75, 188], [66, 219, 235]]",-1.0,-1.0,"[49.371, 37.245, 38.066, 38.332, 37.973]"
1931,76.8.213.231,"[[97, 75, 190], [97, 75, 188], [66, 219, 235]]",-1.0,-1.0,"[37.134, 45.001, 57.908, 37.944, 37.857]"
1932,76.8.213.231,"[[97, 75, 190], [97, 75, 188], [66, 219, 235]]",-1.0,-1.0,"[36.982, 37.24, 37.906, 37.8, 37.763]"
1933,76.8.213.231,"[[97, 75, 190], [97, 75, 188], [66, 219, 235]]",-1.0,-1.0,"[36.739, 37.342, 37.873, 37.868, 37.933]"
1934,76.8.213.231,"[[97, 75, 190], [97, 75, 188], [66, 219, 235]]",-1.0,-1.0,"[36.685, 37.119, 38.189, 37.862, 37.859]"
1935,76.8.213.231,"[[97, 75, 190], [97, 75, 188], [66, 219, 235]]",-1.0,-1.0,"[37.083, 37.177, 37.818, 37.816, 37.886]"
1936,76.8.213.231,"[[97, 75, 190], [97, 75, 188], [66, 219, 235]]",-1.0,-1.0,"[36.752, 37.459, 38.192, 38.02, 38.253]"
1937,76.8.213.231,"[[97, 75, 190], [97, 75, 188], [66, 219, 235]]",-1.0,-1.0,"[36.896, 37.564, 38.102, 38.086, 37.985]"
1938,76.8.213.231,"[[97, 75, 190], [97, 75, 188], [66, 219, 235]]",-1.0,-1.0,"[36.774, 37.669, 38.037, 38.034, 38.126]"
1939,76.8.213.231,"[[97, 75, 190], [97, 75, 188], [66, 219, 235]]",-1.0,-1.0,"[36.784, 37.368, 38.224, 38.089, 37.966]"
1940,76.8.213.231,"[[97, 75, 190], [97, 75, 188], [66, 219, 235]]",-1.0,-1.0,"[36.818, 37.507, 38.038, 38.008, 38.03]"
1941,76.8.213.231,"[[97, 75, 190], [97, 75, 188], [66, 219, 235]]",-1.0,-1.0,"[36.79, 37.343, 38.107, 37.997, 38.016]"
1942,76.8.213.231,"[[97, 75, 190], [97, 75, 188], [66, 219, 235]]",-1.0,-1.0,"[36.767, 37.42, 38.006, 37.982, 38.007]"
1943,76.8.213.231,"[[97, 75, 190], [97, 75, 188], [66, 219, 235]]",-1.0,-1.0,"[37.023, 47.887, 38.52, 38.518, 38.247]"
1944,76.8.213.231,"[[97, 75, 190], [97, 75, 188], [66, 219, 235]]",-1.0,-1.0,"[37.155, 37.349, 40.383, 38.204, 38.199]"
1945,76.8.213.231,"[[97, 75, 190], [97, 75, 188], [66, 219, 235]]",-1.0,-1.0,"[37.003, 38.046, 38.044, 38.041, 38.039]"
1946,76.8.213.231,"[[97, 75, 190], [97, 75, 188], [66, 219, 235]]",-1.0,-1.0,"[41.288, 45.267, 38.192, 38.388, 38.185]"
1947,76.8.213.231,"[[97, 75, 190], [97, 75, 188], [66, 219, 235]]",-1.0,-1.0,"[37.32, 37.535, 38.18, 38.01, 38.007]"
1948,76.8.213.231,"[[97, 75, 190], [97, 75, 188], [66, 219, 235]]",-1.0,-1.0,"[37.458, 37.497, 38.228, 38.224, 38.008]"
1949,76.8.213.231,"[[97, 75, 190], [97, 75, 188], [66, 219, 235]]",-1.0,-1.0,"[37.348, 37.731, 38.059, 38.064, 37.982]"
1950,76.8.213.231,"[[97, 75, 190], [97, 75, 188], [66, 219, 235]]",-1.0,-1.0,"[36.924, 37.594, 38.104, 39.0, 38.286]"
1951,76.8.213.231,"[[97, 75, 190], [97, 75, 188], [66, 219, 235]]",-1.0,-1.0,"[36.804, 47.674, 38.061, 38.234, 38.052]"
1952,76.8.213.231,"[[97, 75, 190], [97, 75, 188], [66, 219, 235]]",-1.0,-1.0,"[36.793, 37.564, 38.121, 40.004, 38.111]"
1953,76.8.213.231,"[[97, 75, 190], [97, 75, 188], [66, 219, 235]]",-1.0,-1.0,"[37.078, 37.343, 38.154, 44.58, 38.052]"
1954,76.8.213.231,"[[97, 75, 190], [97, 75, 188], [66, 219, 235]]",-1.0,-1.0,"[37.016, 37.389, 38.034, 38.003, 38.0]"
1955,76.8.213.231,"[[97, 75, 190], [97, 75, 188], [66, 219, 235]]",-1.0,-1.0,"[36.732, 37.576, 70.177, 38.057, 38.055]"
1956,76.8.213.231,"[[97, 75, 190], [97, 75, 188], [66, 219, 235]]",-1.0,-1.0,"[37.604, 37.478, 38.083, 38.08, 38.156]"
1957,76.8.213.231,"[[97, 75, 190], [97, 75, 188], [66, 219, 235]]",-1.0,-1.0,"[37.231, 37.416, 38.096, 37.986, 38.09]"
1958,76.8.213.231,"[[97, 75, 190], [97, 75, 188], [66, 219, 235]]",-1.0,-1.0,"[36.938, 37.293, 38.198, 38.005, 38.124]"
1959,76.8.213.231,"[[97, 75, 190], [97, 75, 188], [66, 219, 235]]",-1.0,-1.0,"[36.801, 37.444, 38.04, 38.02, 38.017]"
1960,76.8.213.231,"[[97, 75, 190], [97, 75, 188], [66, 219, 235]]",-1.0,-1.0,"[36.947, 37.62, 38.035, 39.381, 38.047]"
1961,76.8.213.231,"[[97, 75, 190], [97, 75, 188], [66, 219, 235]]",-1.0,-1.0,"[36.739, 37.491, 38.11, 37.95, 37.947]"
1962,76.8.213.231,"[[97, 75, 190], [97, 75, 188], [66, 219, 235]]",-1.0,-1.0,"[36.977, 37.669, 37.971, 38.141, 38.092]"
1963,76.8.213.231,"[[97, 75, 190], [97, 75, 188], [66, 219, 235]]",-1.0,-1.0,"[36.948, 37.324, 37.987, 37.984, 38.004]"
1964,76.8.213.231,"[[97, 75, 190], [97, 75, 188], [66, 219, 235]]",-1.0,-1.0,"[36.916, 37.472, 38.137, 38.01, 38.129]"
1965,76.8.213.231,"[[97, 75, 190], [97, 75, 188], [66, 219, 235]]",-1.0,-1.0,"[37.052, 37.507, 38.104, 38.1, 38.096]"
1966,76.8.213.231,"[[97, 75, 190], [97, 75, 188], [66, 219, 235]]",-1.0,-1.0,"[37.021, 37.651, 38.333, 38.05, 38.11]"
1967,76.8.213.231,"[[97, 75, 190], [97, 75, 188], [66, 219, 235]]",-1.0,-1.0,"[36.974, 40.253, 40.249, 40.245, 40.241]"
1968,76.8.213.231,"[[97, 75, 190], [97, 75, 188], [66, 219, 235]]",-1.0,-1.0,"[37.275, 37.368, 37.994, 38.465, 38.087]"
1969,76.8.213.231,"[[97, 75, 190], [97, 75, 188], [66, 219, 235]]",-1.0,-1.0,"[37.339, 37.464, 38.059, 38.107, 38.161]"
1970,76.8.213.231,"[[97, 75, 190], [97, 75, 188], [66, 219, 235]]",-1.0,-1.0,"[36.759, 37.327, 38.139, 37.964, 38.023]"
1971,76.8.213.231,"[[97, 75, 190], [97, 75, 188], [66, 219, 235]]",-1.0,-1.0,"[36.867, 37.411, 38.217, 37.935, 38.041]"
1972,76.8.213.231,"[[97, 75, 190], [97, 75, 188], [66, 219, 235]]",-1.0,-1.0,"[37.015, 37.483, 38.035, 38.032, 38.029]"
1973,76.8.213.231,"[[97, 75, 190], [97, 75, 188], [66, 219, 235]]",-1.0,-1.0,"[37.624, 48.16, 38.201, 38.236, 38.079]"
1974,76.8.213.231,"[[97, 75, 190], [97, 75, 188], [66, 219, 235]]",-1.0,-1.0,"[37.062, 38.255, 38.273, 40.548, 38.153]"
1975,76.8.213.231,"[[97, 75, 190], [97, 75, 188], [66, 219, 235]]",-1.0,-1.0,"[36.879, 37.415, 38.128, 37.999, 38.009]"
1976,76.8.213.231,"[[97, 75, 190], [97, 75, 188], [66, 219, 235]]",-1.0,-1.0,"[37.004, 37.475, 37.997, 37.994, 37.964]"
1977,76.8.213.231,"[[97, 75, 190], [97, 75, 188], [66, 219, 235]]",-1.0,-1.0,"[40.299, 37.39, 38.0, 37.998, 37.995]"
1978,76.8.213.231,"[[97, 75, 190], [97, 75, 188], [66, 219, 235]]",-1.0,-1.0,"[37.22, 37.38, 38.075, 38.105, 38.069]"
1979,76.8.213.231,"[[97, 75, 190], [97, 75, 188], [66, 219, 235]]",-1.0,-1.0,"[37.066, 37.364, 38.078, 38.089, 38.222]"
1980,76.8.213.231,"[[97, 75, 190], [97, 75, 188], [66, 219, 235]]",-1.0,-1.0,"[36.828, 38.412, 38.057, 38.217, 38.213]"
1981,76.8.213.231,"[[97, 75, 190], [97, 75, 188], [66, 219, 235]]",-1.0,-1.0,"[37.229, 37.506, 38.045, 38.013, 38.08]"
1982,76.8.213.231,"[[97, 75, 190], [97, 75, 188], [66, 219, 235]]",-1.0,-1.0,"[40.975, 40.969, 40.963, 40.957, 41.239]"
1983,76.8.213.231,"[[97, 75, 190], [97, 75, 188], [66, 219, 235]]",-1.0,-1.0,"[37.216, 54.892, 38.193, 38.255, 38.056]"
1984,76.8.213.231,"[[97, 75, 190], [97, 75, 188], [66, 219, 235]]",-1.0,-1.0,"[41.867, 37.426, 39.193, 37.972, 38.138]"
1985,76.8.213.231,"[[97, 75, 190], [97, 75, 188], [66, 219, 235]]",-1.0,-1.0,"[36.851, 37.537, 39.775, 38.087, 38.02]"
1986,76.8.213.231,"[[97, 75, 190], [97, 75, 188], [66, 219, 235]]",-1.0,-1.0,"[37.052, 37.463, 38.026, 38.023, 38.045]"
1987,76.8.213.231,"[[97, 75, 190], [97, 75, 188], [66, 219, 235]]",-1.0,-1.0,"[37.043, 37.403, 38.072, 38.025, 38.277]"
1988,76.8.213.231,"[[97, 75, 190], [97, 75, 188], [66, 219, 235]]",-1.0,-1.0,"[37.375, 37.489, 38.101, 37.986, 37.994]"
1989,76.8.213.231,"[[97, 75, 190], [97, 75, 188], [66, 219, 235]]",-1.0,-1.0,"[36.898, 37.402, 38.321, 37.988, 37.974]"
1990,76.8.213.231,"[[97, 75, 190], [97, 75, 188], [66, 219, 235]]",-1.0,-1.0,"[61.123, 38.357, 38.068, 38.261, 37.999]"
1991,76.8.213.231,"[[97, 75, 190], [97, 75, 188], [66, 219, 235]]",-1.0,-1.0,"[37.012, 37.575, 38.026, 38.172, 38.019]"
1992,76.8.213.231,"[[97, 75, 190], [97, 75, 188], [66, 219, 235]]",-1.0,-1.0,"[41.333, 37.582, 38.056, 38.102, 38.05]"
1993,76.8.213.231,"[[97, 75, 190], [97, 75, 188], [66, 219, 235]]",-1.0,-1.0,"[37.002, 37.342, 38.027, 38.157, 38.121]"
1994,76.8.213.231,"[[97, 75, 190], [97, 75, 188], [66, 219, 235]]",-1.0,-1.0,"[37.562, 37.605, 38.328, 38.046, 38.109]"
1995,76.8.213.231,"[[97, 75, 190], [97, 75, 188], [66, 219, 235]]",-1.0,-1.0,"[37.248, 37.7, 38.334, 38.022, 37.988]"
1996,76.8.213.231,"[[97, 75, 190], [97, 75, 188], [66, 219, 235]]",-1.0,-1.0,"[37.318, 37.448, 38.069, 37.989, 38.16]"
1997,76.8.213.231,"[[97, 75, 190], [97, 75, 188], [66, 219, 235]]",-1.0,-1.0,"[36.866, 37.273, 37.997, 37.968, 37.964]"
1998,76.8.213.231,"[[97, 75, 190], [97, 75, 188], [66, 219, 235]]",-1.0,-1.0,"[37.296, 45.114, 42.175, 45.106, 42.167]"
1999,76.8.213.231,"[[97, 75, 190], [97, 75, 188], [66, 219, 235]]",-1.0,-1.0,"[37.339, 37.504, 38.033, 38.03, 38.025]"
2000,76.8.213.231,"[[97, 75, 190], [97, 75, 188], [66, 219, 235]]",-1.0,-1.0,"[44.63, 37.462, 38.025, 38.17, 38.019]"
2001,76.8.213.231,"[[97, 75, 190], [97, 75, 188], [66, 219, 235]]",-1.0,-1.0,"[36.989, 37.723, 38.098, 38.039, 38.127]"
2002,76.8.213.231,"[[97, 75, 190], [97, 75, 188], [66, 219, 235]]",-1.0,-1.0,"[36.915, 37.978, 39.161, 38.165, 38.196]"
2003,76.8.213.231,"[[97, 75, 190], [97, 75, 188], [66, 219, 235]]",-1.0,-1.0,"[36.923, 37.698, 38.097, 38.093, 38.186]"
2004,76.8.213.231,"[[97, 75, 190], [97, 75, 188], [66, 219, 235]]",-1.0,-1.0,"[36.854, 37.336, 38.098, 38.0, 38.235]"
2005,76.8.213.231,"[[97, 75, 190], [97, 75, 188], [66, 219, 235]]",-1.0,-1.0,"[65.264, 37.399, 38.01, 38.737, 38.002]"
2006,76.8.213.231,"[[97, 75, 190], [97, 75, 188], [66, 219, 235]]",-1.0,-1.0,"[36.892, 37.492, 38.051, 38.048, 38.045]"
2007,76.8.213.231,"[[97, 75, 190], [97, 75, 188], [66, 219, 235]]",-1.0,-1.0,"[37.253, 37.786, 40.527, 40.523, 40.518]"
2008,76.8.213.231,"[[97, 75, 190], [97, 75, 188], [66, 219, 235]]",-1.0,-1.0,"[37.22, 37.463, 38.127, 38.014, 38.082]"
2009,76.8.213.231,"[[97, 75, 190], [97, 75, 188], [66, 219, 235]]",-1.0,-1.0,"[36.772, 37.467, 38.022, 37.985, 38.016]"
2010,76.8.213.231,"[[97, 75, 190], [97, 75, 188], [66, 219, 235]]",-1.0,-1.0,"[36.761, 37.542, 38.361, 38.028, 38.048]"
2011,76.8.213.231,"[[97, 75, 190], [97, 75, 188], [66, 219, 235]]",-1.0,-1.0,"[37.177, 37.552, 38.061, 42.632, 38.078]"
2012,76.8.213.231,"[[97, 75, 190], [97, 75, 188], [66, 219, 235]]",-1.0,-1.0,"[37.158, 39.052, 37.994, 38.647, 38.048]"
2013,76.8.213.231,"[[97, 75, 190], [97, 75, 188], [66, 219, 235]]",-1.0,-1.0,"[36.864, 37.482, 38.049, 38.709, 37.98]"
2014,76.8.213.231,"[[97, 75, 190], [97, 75, 188], [66, 219, 235]]",-1.0,-1.0,"[36.768, 37.357, 38.022, 38.02, 38.017]"
2015,76.8.213.231,"[[97, 75, 190], [97, 75, 188], [66, 219, 235]]",-1.0,-1.0,"[37.39, 37.477, 38.625, 37.999, 37.996]"
2016,76.8.213.231,"[[97, 75, 190], [97, 75, 188], [66, 219, 235]]",-1.0,-1.0,"[36.875, 56.191, 37.982, 38.375, 38.17]"
2017,76.8.213.231,"[[97, 75, 190], [97, 75, 188], [66, 219, 235]]",-1.0,-1.0,"[36.941, 37.627, 38.115, 39.584, 38.032]"
2018,76.8.213.231,"[[97, 75, 190], [97, 75, 188], [66, 219, 235]]",-1.0,-1.0,"[37.273, 37.716, 38.696, 38.339, 38.335]"
2019,76.8.213.231,"[[97, 75, 190], [97, 75, 188], [66, 219, 235]]",-1.0,-1.0,"[37.242, 37.665, 38.393, 38.034, 38.03]"
2020,76.8.213.231,"[[97, 75, 190], [97, 75, 188], [66, 219, 235]]",-1.0,-1.0,"[38.318, 37.357, 38.237, 38.031, 38.199]"
2021,76.8.213.231,"[[97, 75, 190], [97, 75, 188], [66, 219, 235]]",-1.0,-1.0,"[37.398, 69.123, 38.054, 38.139, 38.007]"
2022,76.8.213.231,"[[97, 75, 190], [97, 75, 188], [66, 219, 235]]",-1.0,-1.0,"[36.944, 37.219, 38.156, 37.999, 38.015]"
2023,76.8.213.231,"[[97, 75, 190], [97, 75, 188], [66, 219, 235]]",-1.0,-1.0,"[36.91, 37.38, 41.33, 37.913, 37.93]"
2024,76.8.213.231,"[[97, 75, 190], [97, 75, 188], [66, 219, 235]]",-1.0,-1.0,"[54.659, 37.447, 38.009, 38.007, 38.035]"
2025,76.8.213.231,"[[97, 75, 190], [97, 75, 188], [66, 219, 235]]",-1.0,-1.0,"[37.608, 37.605, 38.188, 38.005, 38.052]"
2026,76.8.213.231,"[[97, 75, 190], [97, 75, 188], [66, 219, 235]]",-1.0,-1.0,"[36.963, 37.439, 38.099, 38.14, 38.091]"
2027,76.8.213.231,"[[97, 75, 190], [97, 75, 188], [66, 219, 235]]",-1.0,-1.0,"[37.855, 37.503, 38.099, 38.004, 38.022]"
2028,76.8.213.231,"[[97, 75, 190], [97, 75, 188], [66, 219, 235]]",-1.0,-1.0,"[36.879, 37.487, 38.62, 38.014, 38.085]"
2029,76.8.213.231,"[[97, 75, 190], [97, 75, 188], [66, 219, 235]]",-1.0,-1.0,"[38.415, 37.473, 38.122, 38.076, 38.122]"
2030,76.8.213.231,"[[97, 75, 190], [97, 75, 188], [66, 219, 235]]",-1.0,-1.0,"[40.754, 42.358, 42.153, 42.255, 41.996]"
2031,76.8.213.231,"[[97, 75, 190], [97, 75, 188], [66, 219, 235]]",-1.0,-1.0,"[37.288, 37.608, 38.232, 37.992, 37.989]"
2032,76.8.213.231,"[[97, 75, 190], [97, 75, 188], [66, 219, 235]]",-1.0,-1.0,"[36.919, 37.492, 38.164, 38.578, 38.023]"
2033,76.8.213.231,"[[97, 75, 190], [97, 75, 188], [66, 219, 235]]",-1.0,-1.0,"[36.815, 37.471, 38.228, 38.021, 38.14]"
2034,76.8.213.231,"[[97, 75, 190], [97, 75, 188], [66, 219, 235]]",-1.0,-1.0,"[37.442, 37.604, 40.161, 37.97, 38.165]"
2035,76.8.213.231,"[[97, 75, 190], [97, 75, 188], [66, 219, 235]]",-1.0,-1.0,"[37.821, 38.524, 38.433, 38.519, 38.428]"
2036,76.8.213.231,"[[97, 75, 190], [97, 75, 188], [66, 219, 235]]",-1.0,-1.0,"[36.951, 37.332, 38.096, 38.208, 38.089]"
2037,76.8.213.231,"[[97, 75, 190], [97, 75, 188], [66, 219, 235]]",-1.0,-1.0,"[37.308, 37.342, 38.292, 37.998, 38.038]"
2038,76.8.213.231,"[[97, 75, 190], [97, 75, 188], [66, 219, 235]]",-1.0,-1.0,"[36.838, 37.483, 38.179, 38.027, 38.023]"
2039,76.8.213.231,"[[97, 75, 190], [97, 75, 188], [66, 219, 235]]",-1.0,-1.0,"[37.106, 37.655, 38.265, 38.009, 38.393]"
2040,76.8.213.231,"[[97, 75, 190], [97, 75, 188], [66, 219, 235]]",-1.0,-1.0,"[37.132, 51.652, 38.03, 38.296, 38.168]"
2041,76.8.213.231,"[[97, 75, 190], [97, 75, 188], [66, 219, 235]]",-1.0,-1.0,"[36.818, 37.541, 38.084, 38.0, 38.007]"
2042,76.8.213.231,"[[97, 75, 190], [97, 75, 188], [66, 219, 235]]",-1.0,-1.0,"[36.834, 37.693, 58.421, 37.916, 38.079]"
2043,76.8.213.231,"[[97, 75, 190], [97, 75, 188], [66, 219, 235]]",-1.0,-1.0,"[36.825, 37.472, 38.1, 38.01, 38.007]"
2044,76.8.213.231,"[[97, 75, 190], [97, 75, 188], [66, 219, 235]]",-1.0,-1.0,"[36.805, 37.603, 37.947, 37.995, 37.993]"
2045,76.8.213.231,"[[97, 75, 190], [97, 75, 188], [66, 219, 235]]",-1.0,-1.0,"[37.11, 37.636, 38.04, 38.036, 38.175]"
2046,76.8.213.231,"[[97, 75, 190], [97, 75, 188], [66, 219, 235]]",-1.0,-1.0,"[55.13, 40.157, 41.534, 39.063, 41.526]"
2047,76.8.213.231,"[[97, 75, 190], [97, 75, 188], [66, 219, 235]]",-1.0,-1.0,"[36.879, 37.369, 38.073, 38.026, 38.023]"
2048,76.8.213.231,"[[97, 75, 190], [97, 75, 188], [66, 219, 235]]",-1.0,-1.0,"[37.327, 37.543, 38.027, 37.999, 38.015]"
2049,76.8.213.231,"[[97, 75, 190], [97, 75, 188], [66, 219, 235]]",-1.0,-1.0,"[37.368, 37.72, 74.684, 38.156, 38.18]"
2050,76.8.213.231,"[[97, 75, 190], [97, 75, 188], [66, 219, 235]]",-1.0,-1.0,"[36.872, 37.546, 38.07, 38.067, 38.225]"
2051,76.8.213.231,"[[97, 75, 190], [97, 75, 188], [66, 219, 235]]",-1.0,-1.0,"[37.175, 37.35, 38.138, 37.99, 37.988]"
2052,76.8.213.231,"[[97, 75, 190], [97, 75, 188], [66, 219, 235]]",-1.0,-1.0,"[36.846, 37.537, 38.382, 38.021, 38.045]"
2053,76.8.213.231,"[[97, 75, 190], [97, 75, 188], [66, 219, 235]]",-1.0,-1.0,"[37.532, 37.662, 38.093, 38.089, 38.114]"
2054,76.8.213.231,"[[97, 75, 190], [97, 75, 188], [66, 219, 235]]",-1.0,-1.0,"[67.521, 37.45, 38.097, 38.008, 38.091]"
2055,76.8.213.231,"[[97, 75, 190], [97, 75, 188], [66, 219, 235]]",-1.0,-1.0,"[36.791, 37.6, 37.968, 37.979, 37.977]"
2056,76.8.213.231,"[[97, 75, 190], [97, 75, 188], [66, 219, 235]]",-1.0,-1.0,"[36.954, 38.066, 38.115, 38.057, 38.247]"
2057,76.8.213.231,"[[97, 75, 190], [97, 75, 188], [66, 219, 235]]",-1.0,-1.0,"[36.876, 37.31, 37.941, 40.876, 38.09]"
2058,76.8.213.231,"[[97, 75, 190], [97, 75, 188], [66, 219, 235]]",-1.0,-1.0,"[36.852, 37.333, 38.105, 38.102, 38.013]"
2059,76.8.213.231,"[[97, 75, 190], [97, 75, 188], [66, 219, 235]]",-1.0,-1.0,"[36.834, 37.332, 38.202, 37.993, 37.948]"
2060,76.8.213.231,"[[97, 75, 190], [97, 75, 188], [66, 219, 235]]",-1.0,-1.0,"[36.928, 37.407, 38.095, 38.017, 38.314]"
2061,76.8.213.231,"[[97, 75, 190], [97, 75, 188], [66, 219, 235]]",-1.0,-1.0,"[36.745, 37.522, 38.193, 37.915, 37.967]"
2062,76.8.213.231,"[[97, 75, 190], [97, 75, 188], [66, 219, 235]]",-1.0,-1.0,"[36.961, 37.379, 38.138, 37.978, 37.975]"
2063,76.8.213.231,"[[97, 75, 190], [97, 75, 188], [66, 219, 235]]",-1.0,-1.0,"[36.852, 37.576, 38.31, 38.062, 38.006]"
2064,76.8.213.231,"[[97, 75, 190], [97, 75, 188], [66, 219, 235]]",-1.0,-1.0,"[37.968, 37.964, 38.171, 38.028, 38.024]"
2065,76.8.213.231,"[[97, 75, 190], [97, 75, 188], [66, 219, 235]]",-1.0,-1.0,"[36.924, 37.566, 38.072, 38.041, 38.08]"
2066,76.8.213.231,"[[97, 75, 190], [97, 75, 188], [66, 219, 235]]",-1.0,-1.0,"[37.104, 37.657, 38.203, 38.063, 38.041]"
2067,76.8.213.231,"[[97, 75, 190], [97, 75, 188], [66, 219, 235]]",-1.0,-1.0,"[37.252, 37.734, 39.458, 38.172, 38.169]"
2068,76.8.213.231,"[[97, 75, 190], [97, 75, 188], [66, 219, 235]]",-1.0,-1.0,"[38.594, 38.111, 38.107, 38.206, 38.145]"
2069,76.8.213.231,"[[97, 75, 190], [97, 75, 188], [66, 219, 235]]",-1.0,-1.0,"[41.196, 41.192, 41.188, 41.184, 41.18]"
2070,76.8.213.231,"[[97, 75, 190], [97, 75, 188], [66, 219, 235]]",-1.0,-1.0,"[36.788, 37.507, 38.531, 38.075, 38.073]"
2071,76.8.213.231,"[[97, 75, 190], [97, 75, 188], [66, 219, 235]]",-1.0,-1.0,"[37.323, 37.44, 37.981, 37.977, 37.992]"
2072,76.8.213.231,"[[97, 75, 190], [97, 75, 188], [66, 219, 235]]",-1.0,-1.0,"[37.262, 37.514, 38.099, 38.047, 38.245]"
2073,76.8.213.231,"[[97, 75, 190], [97, 75, 188], [66, 219, 235]]",-1.0,-1.0,"[37.462, 37.508, 38.13, 42.775, 38.002]"
2074,76.8.213.231,"[[97, 75, 190], [97, 75, 188], [66, 219, 235]]",-1.0,-1.0,"[36.817, 37.505, 38.019, 37.993, 37.989]"
2075,76.8.213.231,"[[97, 75, 190], [97, 75, 188], [66, 219, 235]]",-1.0,-1.0,"[36.936, 37.849, 38.193, 37.957, 38.129]"
2076,76.8.213.231,"[[97, 75, 190], [97, 75, 188], [66, 219, 235]]",-1.0,-1.0,"[36.986, 37.742, 38.175, 38.065, 38.237]"
2077,76.8.213.231,"[[97, 75, 190], [97, 75, 188], [66, 219, 235]]",-1.0,-1.0,"[37.043, 37.445, 38.259, 38.023, 38.09]"
2078,76.8.213.231,"[[97, 75, 190], [97, 75, 188], [66, 219, 235]]",-1.0,-1.0,"[37.09, 37.462, 38.001, 37.975, 37.993]"
2079,76.8.213.231,"[[97, 75, 190], [97, 75, 188], [66, 219, 235]]",-1.0,-1.0,"[36.935, 37.707, 38.073, 37.991, 38.128]"
2080,76.8.213.231,"[[97, 75, 190], [97, 75, 188], [66, 219, 235]]",-1.0,-1.0,"[36.893, 37.432, 37.897, 38.057, 38.054]"
2081,76.8.213.231,"[[97, 75, 190], [97, 75, 188], [66, 219, 235]]",-1.0,-1.0,"[37.316, 37.342, 38.038, 40.96, 38.03]"
2082,76.8.213.231,"[[97, 75, 190], [97, 75, 188], [66, 219, 235]]",-1.0,-1.0,"[36.838, 37.675, 38.107, 38.105, 38.102]"
2083,76.8.213.231,"[[97, 75, 190], [97, 75, 188], [66, 219, 235]]",-1.0,-1.0,"[37.241, 38.242, 38.137, 38.117, 37.959]"
2084,76.8.213.231,"[[97, 75, 190], [97, 75, 188], [66, 219, 235]]",-1.0,-1.0,"[36.899, 37.6, 38.06, 40.907, 38.034]"
2085,76.8.213.231,"[[97, 75, 190], [97, 75, 188], [66, 219, 235]]",-1.0,-1.0,"[37.06, 37.372, 38.066, 38.084, 38.0]"
2086,76.8.213.231,"[[97, 75, 190], [97, 75, 188], [66, 219, 235]]",-1.0,-1.0,"[36.907, 37.424, 38.924, 38.058, 38.037]"
2087,76.8.213.231,"[[97, 75, 190], [97, 75, 188], [66, 219, 235]]",-1.0,-1.0,"[37.048, 37.51, 38.313, 38.311, 38.711]"
2088,76.8.213.231,"[[97, 75, 190], [97, 75, 188], [66, 219, 235]]",-1.0,-1.0,"[36.895, 38.369, 38.179, 38.256, 38.142]"
2089,76.8.213.231,"[[97, 75, 190], [97, 75, 188], [66, 219, 235]]",-1.0,-1.0,"[38.7, 38.698, 38.695, 38.692, 38.689]"
2090,76.8.213.231,"[[97, 75, 190], [97, 75, 188], [66, 219, 235]]",-1.0,-1.0,"[37.555, 41.572, 41.569, 41.566, 41.564]"
2091,76.8.213.231,"[[97, 75, 190], [97, 75, 188], [66, 219, 235]]",-1.0,-1.0,"[36.832, 37.478, 37.972, 37.968, 37.997]"
2092,76.8.213.231,"[[97, 75, 190], [97, 75, 188], [66, 219, 235]]",-1.0,-1.0,"[36.679, 37.502, 38.01, 37.954, 38.079]"
2093,76.8.213.231,"[[97, 75, 190], [97, 75, 188], [66, 219, 235]]",-1.0,-1.0,"[36.886, 37.278, 38.148, 38.018, 38.015]"
2094,76.8.213.231,"[[97, 75, 190], [97, 75, 188], [66, 219, 235]]",-1.0,-1.0,"[36.925, 37.573, 38.026, 38.023, 38.02]"
2095,76.8.213.231,"[[97, 75, 190], [97, 75, 188], [66, 219, 235]]",-1.0,-1.0,"[36.848, 37.45, 38.04, 38.005, 38.0]"
2096,76.8.213.231,"[[97, 75, 190], [97, 75, 188], [66, 219, 235]]",-1.0,-1.0,"[36.738, 37.284, 37.977, 37.964, 38.201]"
2097,76.8.213.231,"[[97, 75, 190], [97, 75, 188], [66, 219, 235]]",-1.0,-1.0,"[37.223, 37.894, 38.388, 38.384, 38.38]"
2098,76.8.213.231,"[[97, 75, 190], [97, 75, 188], [66, 219, 235]]",-1.0,-1.0,"[36.97, 40.662, 38.322, 38.319, 37.998]"
2099,76.8.213.231,"[[97, 75, 190], [97, 75, 188], [66, 219, 235]]",-1.0,-1.0,"[36.869, 38.37, 38.04, 38.266, 38.162]"
2100,76.8.213.231,"[[97, 75, 190], [97, 75, 188], [66, 219, 235]]",-1.0,-1.0,"[36.826, 37.797, 38.155, 38.008, 38.013]"
2101,76.8.213.231,"[[97, 75, 190], [97, 75, 188], [66, 219, 235]]",-1.0,-1.0,"[36.805, 37.324, 37.994, 37.989, 38.037]"
2102,76.8.213.231,"[[97, 75, 190], [97, 75, 188], [66, 219, 235]]",-1.0,-1.0,"[36.957, 37.541, 38.066, 37.978, 37.995]"
2103,76.8.213.231,"[[97, 75, 190], [97, 75, 188], [66, 219, 235]]",-1.0,-1.0,"[37.457, 37.623, 38.273, 40.371, 38.028]"
2104,76.8.213.231,"[[97, 75, 190], [97, 75, 188], [66, 219, 235]]",-1.0,-1.0,"[37.094, 39.68, 38.899, 40.524, 38.047]"
2105,76.8.213.231,"[[97, 75, 190], [97, 75, 188], [66, 219, 235]]",-1.0,-1.0,"[37.069, 47.723, 38.279, 38.285, 38.083]"
2106,76.8.213.231,"[[97, 75, 190], [97, 75, 188], [66, 219, 235]]",-1.0,-1.0,"[37.114, 37.452, 38.131, 41.371, 38.207]"
2107,76.8.213.231,"[[97, 75, 190], [97, 75, 188], [66, 219, 235]]",-1.0,-1.0,"[37.026, 37.58, 38.647, 38.033, 38.029]"
2108,76.8.213.231,"[[97, 75, 190], [97, 75, 188], [66, 219, 235]]",-1.0,-1.0,"[37.371, 37.407, 38.062, 38.011, 38.12]"
2109,76.8.213.231,"[[97, 75, 190], [97, 75, 188], [66, 219, 235]]",-1.0,-1.0,"[36.793, 37.355, 38.156, 38.026, 37.965]"
2110,76.8.213.231,"[[97, 75, 190], [97, 75, 188], [66, 219, 235]]",-1.0,-1.0,"[37.401, 37.471, 38.055, 38.052, 38.172]"
2111,76.8.213.231,"[[97, 75, 190], [97, 75, 188], [66, 219, 235]]",-1.0,-1.0,"[36.921, 37.353, 38.067, 38.176, 37.994]"
2112,76.8.213.231,"[[97, 75, 190], [97, 75, 188], [66, 219, 235]]",-1.0,-1.0,"[37.303, 37.625, 38.276, 37.942, 37.928]"
2113,76.8.213.231,"[[97, 75, 190], [97, 75, 188], [66, 219, 235]]",-1.0,-1.0,"[37.007, 37.512, 38.098, 38.036, 38.077]"
2114,76.8.213.231,"[[97, 75, 190], [97, 75, 188], [66, 219, 235]]",-1.0,-1.0,"[37.572, 37.447, 38.053, 38.013, 38.01]"
2115,76.8.213.231,"[[97, 75, 190], [97, 75, 188], [66, 219, 235]]",-1.0,-1.0,"[36.812, 37.436, 38.185, 38.183, 37.969]"
2116,76.8.213.231,"[[97, 75, 190], [97, 75, 188], [66, 219, 235]]",-1.0,-1.0,"[36.965, 37.289, 38.065, 37.895, 37.935]"
2117,76.8.213.231,"[[97, 75, 190], [97, 75, 188], [66, 219, 235]]",-1.0,-1.0,"[36.96, 37.551, 38.18, 38.003, 38.171]"
2118,76.8.213.231,"[[97, 75, 190], [97, 75, 188], [66, 219, 235]]",-1.0,-1.0,"[37.321, 37.528, 38.099, 38.12, 38.738]"
2119,76.8.213.231,"[[97, 75, 190], [97, 75, 188], [66, 219, 235]]",-1.0,-1.0,"[36.855, 37.776, 38.192, 38.035, 38.103]"
2120,76.8.213.231,"[[97, 75, 190], [97, 75, 188], [66, 219, 235]]",-1.0,-1.0,"[37.333, 37.589, 38.255, 39.461, 38.19]"
2121,76.8.213.231,"[[97, 75, 190], [97, 75, 188], [66, 219, 235]]",-1.0,-1.0,"[37.314, 58.057, 38.155, 38.259, 38.072]"
2122,76.8.213.231,"[[97, 75, 190], [97, 75, 188], [66, 219, 235]]",-1.0,-1.0,"[37.06, 37.699, 39.059, 38.097, 38.142]"
2123,76.8.213.231,"[[97, 75, 190], [97, 75, 188], [66, 219, 235]]",-1.0,-1.0,"[39.046, 39.042, 39.037, 39.033, 39.03]"
2124,76.8.213.231,"[[97, 75, 190], [97, 75, 188], [66, 219, 235]]",-1.0,-1.0,"[37.072, 37.45, 38.166, 39.955, 37.98]"
2125,76.8.213.231,"[[97, 75, 190], [97, 75, 188], [66, 219, 235]]",-1.0,-1.0,"[37.426, 38.072, 38.068, 38.21, 38.206]"
2126,76.8.213.231,"[[97, 75, 190], [97, 75, 188], [66, 219, 235]]",-1.0,-1.0,"[36.83, 37.333, 38.127, 47.692, 37.961]"
2127,76.8.213.231,"[[97, 75, 190], [97, 75, 188], [66, 219, 235]]",-1.0,-1.0,"[38.588, 39.5, 40.004, 40.001, 40.018]"
2128,76.8.213.231,"[[97, 75, 190], [97, 75, 188], [66, 219, 235]]",-1.0,-1.0,"[37.316, 37.514, 38.353, 38.005, 38.04]"
2129,76.8.213.231,"[[97, 75, 190], [97, 75, 188], [66, 219, 235]]",-1.0,-1.0,"[36.939, 37.403, 38.164, 38.016, 38.014]"
2130,76.8.213.231,"[[97, 75, 190], [97, 75, 188], [66, 219, 235]]",-1.0,-1.0,"[37.069, 37.416, 38.586, 38.077, 38.02]"
2131,76.8.213.231,"[[97, 75, 190], [97, 75, 188], [66, 219, 235]]",-1.0,-1.0,"[36.925, 37.29, 38.187, 37.984, 37.98]"
2132,76.8.213.231,"[[97, 75, 190], [97, 75, 188], [66, 219, 235]]",-1.0,-1.0,"[36.861, 37.534, 38.132, 38.129, 38.04]"
2133,76.8.213.231,"[[97, 75, 190], [97, 75, 188], [66, 219, 235]]",-1.0,-1.0,"[36.918, 37.522, 38.094, 38.013, 38.009]"
2134,76.8.213.231,"[[97, 75, 190], [97, 75, 188], [66, 219, 235]]",-1.0,-1.0,"[37.066, 37.562, 38.152, 38.019, 38.147]"
2135,76.8.213.231,"[[97, 75, 190], [97, 75, 188], [66, 219, 235]]",-1.0,-1.0,"[37.014, 37.422, 38.011, 38.007, 38.005]"
2136,76.8.213.231,"[[97, 75, 190], [97, 75, 188], [66, 219, 235]]",-1.0,-1.0,"[38.138, 37.976, 38.515, 38.512, 38.509]"
2137,76.8.213.231,"[[97, 75, 190], [97, 75, 188], [66, 219, 235]]",-1.0,-1.0,"[37.139, 37.603, 38.353, 37.983, 37.98]"
2138,76.8.213.231,"[[97, 75, 190], [97, 75, 188], [66, 219, 235]]",-1.0,-1.0,"[37.585, 37.581, 38.152, 38.179, 38.176]"
2139,76.8.213.231,"[[97, 75, 190], [97, 75, 188], [66, 219, 235]]",-1.0,-1.0,"[36.965, 37.536, 38.082, 37.936, 38.048]"
2140,76.8.213.231,"[[97, 75, 190], [97, 75, 188], [66, 219, 235]]",-1.0,-1.0,"[37.012, 37.679, 43.417, 38.032, 38.084]"
2141,76.8.213.231,"[[97, 75, 190], [97, 75, 188], [66, 219, 235]]",-1.0,-1.0,"[36.936, 37.439, 38.13, 38.062, 37.942]"
2142,76.8.213.231,"[[97, 75, 190], [97, 75, 188], [66, 219, 235]]",-1.0,-1.0,"[36.878, 37.405, 38.148, 38.155, 37.992]"
2143,76.8.213.231,"[[97, 75, 190], [97, 75, 188], [66, 219, 235]]",-1.0,-1.0,"[36.751, 37.311, 44.008, 37.976, 38.102]"
2144,76.8.213.231,"[[97, 75, 190], [97, 75, 188], [66, 219, 235]]",-1.0,-1.0,"[37.322, 37.517, 38.153, 73.693, 38.148]"
2145,76.8.213.231,"[[97, 75, 190], [97, 75, 188], [66, 219, 235]]",-1.0,-1.0,"[36.988, 37.626, 38.212, 37.992, 37.988]"
2146,76.8.213.231,"[[97, 75, 190], [97, 75, 188], [66, 219, 235]]",-1.0,-1.0,"[36.78, 38.073, 38.033, 38.182, 37.985]"
2147,76.8.213.231,"[[97, 75, 190], [97, 75, 188], [66, 219, 235]]",-1.0,-1.0,"[40.608, 40.603, 40.599, 40.595, 40.591]"
2148,76.8.213.231,"[[97, 75, 190], [97, 75, 188], [66, 219, 235]]",-1.0,-1.0,"[37.338, 37.653, 38.109, 38.132, 38.076]"
2149,76.8.213.231,"[[97, 75, 190], [97, 75, 188], [66, 219, 235]]",-1.0,-1.0,"[36.987, 37.439, 38.09, 37.887, 37.922]"
2150,76.8.213.231,"[[97, 75, 190], [97, 75, 188], [66, 219, 235]]",-1.0,-1.0,"[36.986, 37.436, 38.057, 38.046, 38.078]"
2151,76.8.213.231,"[[97, 75, 190], [97, 75, 188], [66, 219, 235]]",-1.0,-1.0,"[36.836, 37.393, 38.182, 37.972, 37.98]"
2152,76.8.213.231,"[[97, 75, 190], [97, 75, 188], [66, 219, 235]]",-1.0,-1.0,"[36.994, 37.545, 38.164, 40.008, 38.134]"
2153,76.8.213.231,"[[97, 75, 190], [97, 75, 188], [66, 219, 235]]",-1.0,-1.0,"[37.305, 37.374, 38.11, 38.107, 38.105]"
2154,76.8.213.231,"[[97, 75, 190], [97, 75, 188], [66, 219, 235]]",-1.0,-1.0,"[37.13, 37.563, 38.084, 37.988, 38.003]"
2155,76.8.213.231,"[[97, 75, 190], [97, 75, 188], [66, 219, 235]]",-1.0,-1.0,"[37.453, 37.699, 38.287, 39.137, 38.136]"
2156,76.8.213.231,"[[97, 75, 190], [97, 75, 188], [66, 219, 235]]",-1.0,-1.0,"[46.781, 37.65, 38.156, 38.025, 38.055]"
2157,76.8.213.231,"[[97, 75, 190], [97, 75, 188], [66, 219, 235]]",-1.0,-1.0,"[37.243, 37.68, 38.368, 38.257, 38.252]"
2158,76.8.213.231,"[[97, 75, 190], [97, 75, 188], [66, 219, 235]]",-1.0,-1.0,"[36.835, 37.622, 38.159, 37.953, 37.934]"
2159,76.8.213.231,"[[97, 75, 190], [97, 75, 188], [66, 219, 235]]",-1.0,-1.0,"[37.028, 37.518, 46.856, 38.035, 37.874]"
2160,76.8.213.231,"[[97, 75, 190], [97, 75, 188], [66, 219, 235]]",-1.0,-1.0,"[38.901, 38.898, 39.087, 39.084, 39.082]"
2161,76.8.213.231,"[[97, 75, 190], [97, 75, 188], [66, 219, 235]]",-1.0,-1.0,"[37.273, 37.424, 38.023, 37.923, 37.954]"
2162,76.8.213.231,"[[97, 75, 190], [97, 75, 188], [66, 219, 235]]",-1.0,-1.0,"[36.948, 37.328, 38.12, 40.716, 38.129]"
2163,76.8.213.231,"[[97, 75, 190], [97, 75, 188], [66, 219, 235]]",-1.0,-1.0,"[36.923, 37.964, 38.158, 37.988, 37.984]"
2164,76.8.213.231,"[[97, 75, 190], [97, 75, 188], [66, 219, 235]]",-1.0,-1.0,"[36.937, 37.51, 38.121, 37.989, 38.006]"
2165,76.8.213.231,"[[97, 75, 190], [97, 75, 188], [66, 219, 235]]",-1.0,-1.0,"[37.27, 37.433, 55.971, 38.429, 37.967]"
2166,76.8.213.231,"[[97, 75, 190], [97, 75, 188], [66, 219, 235]]",-1.0,-1.0,"[36.897, 37.72, 38.281, 38.107, 38.105]"
2167,76.8.213.231,"[[97, 75, 190], [97, 75, 188], [66, 219, 235]]",-1.0,-1.0,"[53.338, 37.491, 38.155, 38.152, 38.149]"
2168,76.8.213.231,"[[97, 75, 190], [97, 75, 188], [66, 219, 235]]",-1.0,-1.0,"[36.832, 37.306, 38.008, 38.005, 38.187]"
2169,76.8.213.231,"[[97, 75, 190], [97, 75, 188], [66, 219, 235]]",-1.0,-1.0,"[37.486, 42.568, 38.087, 38.352, 38.08]"
2170,76.8.213.231,"[[97, 75, 190], [97, 75, 188], [66, 219, 235]]",-1.0,-1.0,"[36.887, 38.061, 38.211, 38.285, 37.936]"
2171,76.8.213.231,"[[97, 75, 190], [97, 75, 188], [66, 219, 235]]",-1.0,-1.0,"[38.308, 38.412, 38.676, 38.464, 38.617]"
2172,76.8.213.231,"[[97, 75, 190], [97, 75, 188], [66, 219, 235]]",-1.0,-1.0,"[36.881, 38.284, 38.28, 38.14, 38.096]"
2173,76.8.213.231,"[[97, 75, 190], [97, 75, 188], [66, 219, 235]]",-1.0,-1.0,"[36.859, 37.351, 38.108, 38.497, 37.994]"
2174,76.8.213.231,"[[97, 75, 190], [97, 75, 188], [66, 219, 235]]",-1.0,-1.0,"[36.959, 37.412, 38.769, 37.976, 38.146]"
2175,76.8.213.231,"[[97, 75, 190], [97, 75, 188], [66, 219, 235]]",-1.0,-1.0,"[36.844, 37.359, 38.284, 38.087, 38.181]"
2176,76.8.213.231,"[[97, 75, 190], [97, 75, 188], [66, 219, 235]]",-1.0,-1.0,"[37.045, 37.322, 38.795, 37.972, 38.08]"
2177,76.8.213.231,"[[97, 75, 190], [97, 75, 188], [66, 219, 235]]",-1.0,-1.0,"[37.198, 37.502, 38.284, 38.042, 37.984]"
2178,76.8.213.231,"[[97, 75, 190], [97, 75, 188], [66, 219, 235]]",-1.0,-1.0,"[37.125, 37.407, 38.322, 40.653, 38.054]"
2179,76.8.213.231,"[[97, 75, 190], [97, 75, 188], [66, 219, 235]]",-1.0,-1.0,"[36.879, 37.534, 38.097, 38.34, 38.337]"
2180,76.8.213.231,"[[97, 75, 190], [97, 75, 188], [66, 219, 235]]",-1.0,-1.0,"[37.015, 37.267, 38.323, 37.97, 38.033]"
2181,76.8.213.231,"[[97, 75, 190], [97, 75, 188], [66, 219, 235]]",-1.0,-1.0,"[43.381, 43.377, 43.372, 43.368, 43.364]"
2182,76.8.213.231,"[[97, 75, 190], [97, 75, 188], [66, 219, 235]]",-1.0,-1.0,"[36.939, 37.609, 38.205, 38.203, 38.199]"
2183,76.8.213.231,"[[97, 75, 190], [97, 75, 188], [66, 219, 235]]",-1.0,-1.0,"[37.039, 39.892, 38.132, 38.376, 38.182]"
2184,76.8.213.231,"[[97, 75, 190], [97, 75, 188], [66, 219, 235]]",-1.0,-1.0,"[36.831, 37.376, 38.049, 37.964, 38.174]"
2185,76.8.213.231,"[[97, 75, 190], [97, 75, 188], [66, 219, 235]]",-1.0,-1.0,"[37.505, 37.322, 38.41, 38.26, 38.257]"
2186,76.8.213.231,"[[97, 75, 190], [97, 75, 188], [66, 219, 235]]",-1.0,-1.0,"[36.991, 37.603, 38.104, 37.993, 37.949]"
2187,76.8.213.231,"[[97, 75, 190], [97, 75, 188], [66, 219, 235]]",-1.0,-1.0,"[51.372, 37.388, 38.059, 38.057, 38.054]"
2188,76.8.213.231,"[[97, 75, 190], [97, 75, 188], [66, 219, 235]]",-1.0,-1.0,"[37.558, 37.67, 38.287, 40.029, 38.109]"
2189,76.8.213.231,"[[97, 75, 190], [97, 75, 188], [66, 219, 235]]",-1.0,-1.0,"[36.985, 37.46, 38.076, 45.542, 38.07]"
2190,76.8.213.231,"[[97, 75, 190], [97, 75, 188], [66, 219, 235]]",-1.0,-1.0,"[36.872, 37.583, 38.065, 38.062, 38.142]"
2191,76.8.213.231,"[[97, 75, 190], [97, 75, 188], [66, 219, 235]]",-1.0,-1.0,"[39.184, 39.176, 43.15, 43.146, 43.139]"
2192,76.8.213.231,"[[97, 75, 190], [97, 75, 188], [66, 219, 235]]",-1.0,-1.0,"[37.094, 37.581, 38.058, 38.054, 38.085]"
2193,76.8.213.231,"[[97, 75, 190], [97, 75, 188], [66, 219, 235]]",-1.0,-1.0,"[36.803, 38.492, 38.199, 38.279, 38.145]"
2194,76.8.213.231,"[[97, 75, 190], [97, 75, 188], [66, 219, 235]]",-1.0,-1.0,"[68.993, 37.688, 38.071, 38.053, 38.05]"
2195,76.8.213.231,"[[97, 75, 190], [97, 75, 188], [66, 219, 235]]",-1.0,-1.0,"[36.803, 37.321, 38.098, 38.062, 38.058]"
2196,76.8.213.231,"[[97, 75, 190], [97, 75, 188], [66, 219, 235]]",-1.0,-1.0,"[36.993, 37.363, 38.061, 39.185, 38.077]"
2197,76.8.213.231,"[[97, 75, 190], [97, 75, 188], [66, 219, 235]]",-1.0,-1.0,"[36.818, 37.683, 40.065, 38.083, 37.953]"
2198,76.8.213.231,"[[97, 75, 190], [97, 75, 188], [66, 219, 235]]",-1.0,-1.0,"[37.565, 37.74, 38.193, 38.018, 38.01]"
2199,76.8.213.231,"[[97, 75, 190], [97, 75, 188], [66, 219, 235]]",-1.0,-1.0,"[36.89, 37.411, 38.219, 38.008, 38.036]"
2200,76.8.213.231,"[[97, 75, 190], [97, 75, 188], [66, 219, 235]]",-1.0,-1.0,"[36.865, 38.06, 38.058, 38.287, 38.261]"
2201,76.8.213.231,"[[97, 75, 190], [97, 75, 188], [66, 219, 235]]",-1.0,-1.0,"[36.817, 37.539, 38.111, 39.313, 38.104]"
2202,76.8.213.231,"[[97, 75, 190], [97, 75, 188], [66, 219, 235]]",-1.0,-1.0,"[37.249, 37.485, 38.15, 38.003, 38.141]"
2203,76.8.213.231,"[[97, 75, 190], [97, 75, 188], [66, 219, 235]]",-1.0,-1.0,"[36.882, 37.68, 42.687, 38.047, 38.041]"
2204,76.8.213.231,"[[97, 75, 190], [97, 75, 188], [66, 219, 235]]",-1.0,-1.0,"[36.825, 56.059, 38.173, 38.422, 37.995]"
2205,76.8.213.231,"[[97, 75, 190], [97, 75, 188], [66, 219, 235]]",-1.0,-1.0,"[36.934, 37.443, 38.082, 38.079, 38.554]"
2206,76.8.213.231,"[[97, 75, 190], [97, 75, 188], [66, 219, 235]]",-1.0,-1.0,"[37.026, 37.327, 38.011, 39.725, 38.026]"
2207,76.8.213.231,"[[97, 75, 190], [97, 75, 188], [66, 219, 235]]",-1.0,-1.0,"[37.037, 37.39, 38.305, 38.009, 38.063]"
2208,76.8.213.231,"[[97, 75, 190], [97, 75, 188], [66, 219, 235]]",-1.0,-1.0,"[36.9, 37.41, 38.091, 38.113, 38.21]"
2209,76.8.213.231,"[[97, 75, 190], [97, 75, 188], [66, 219, 235]]",-1.0,-1.0,"[38.781, 38.842, 38.412, 38.515, 38.328]"
2210,76.8.213.231,"[[97, 75, 190], [97, 75, 188], [66, 219, 235]]",-1.0,-1.0,"[36.899, 38.983, 38.174, 38.271, 38.168]"
2211,76.8.213.231,"[[97, 75, 190], [97, 75, 188], [66, 219, 235]]",-1.0,-1.0,"[37.164, 37.584, 38.036, 38.057, 38.053]"
2212,76.8.213.231,"[[97, 75, 190], [97, 75, 188], [66, 219, 235]]",-1.0,-1.0,"[37.684, 38.204, 38.058, 38.197, 38.075]"
2213,76.8.213.231,"[[97, 75, 190], [97, 75, 188], [66, 219, 235]]",-1.0,-1.0,"[37.589, 38.549, 38.231, 38.737, 38.024]"
2214,76.8.213.231,"[[97, 75, 190], [97, 75, 188], [66, 219, 235]]",-1.0,-1.0,"[36.77, 37.513, 38.1, 38.125, 38.066]"
2215,76.8.213.231,"[[97, 75, 190], [97, 75, 188], [66, 219, 235]]",-1.0,-1.0,"[37.154, 37.3, 38.197, 38.151, 38.185]"
2216,76.8.213.231,"[[97, 75, 190], [97, 75, 188], [66, 219, 235]]",-1.0,-1.0,"[49.657, 37.544, 38.163, 38.147, 38.277]"
2217,76.8.213.231,"[[97, 75, 190], [97, 75, 188], [66, 219, 235]]",-1.0,-1.0,"[36.887, 37.337, 38.205, 38.052, 38.049]"
2218,76.8.213.231,"[[97, 75, 190], [97, 75, 188], [66, 219, 235]]",-1.0,-1.0,"[37.555, 37.794, 38.069, 37.963, 38.031]"
2219,76.8.213.231,"[[97, 75, 190], [97, 75, 188], [66, 219, 235]]",-1.0,-1.0,"[37.039, 37.621, 38.168, 38.924, 38.161]"
2220,76.8.213.231,"[[97, 75, 190], [97, 75, 188], [66, 219, 235]]",-1.0,-1.0,"[37.422, 37.929, 38.079, 40.018, 38.071]"
2221,76.8.213.231,"[[97, 75, 190], [97, 75, 188], [66, 219, 235]]",-1.0,-1.0,"[36.895, 37.341, 38.16, 38.103, 38.01]"
2222,76.8.213.231,"[[97, 75, 190], [97, 75, 188], [66, 219, 235]]",-1.0,-1.0,"[36.928, 37.436, 37.984, 38.007, 38.005]"
2223,76.8.213.231,"[[97, 75, 190], [97, 75, 188], [66, 219, 235]]",-1.0,-1.0,"[37.297, 37.43, 39.256, 38.032, 38.048]"
2224,76.8.213.231,"[[97, 75, 190], [97, 75, 188], [66, 219, 235]]",-1.0,-1.0,"[36.847, 37.511, 37.984, 37.982, 38.006]"
2225,76.8.213.231,"[[97, 75, 190], [97, 75, 188], [66, 219, 235]]",-1.0,-1.0,"[37.028, 37.395, 38.147, 38.143, 38.138]"
2226,76.8.213.231,"[[97, 75, 190], [97, 75, 188], [66, 219, 235]]",-1.0,-1.0,"[36.904, 37.505, 38.133, 38.013, 38.031]"
2227,76.8.213.231,"[[97, 75, 190], [97, 75, 188], [66, 219, 235]]",-1.0,-1.0,"[36.985, 37.794, 38.055, 38.052, 38.124]"
2228,76.8.213.231,"[[97, 75, 190], [97, 75, 188], [66, 219, 235]]",-1.0,-1.0,"[37.183, 37.802, 38.023, 38.033, 37.965]"
2229,76.8.213.231,"[[97, 75, 190], [97, 75, 188], [66, 219, 235]]",-1.0,-1.0,"[37.26, 38.893, 38.232, 38.23, 38.049]"
2230,76.8.213.231,"[[97, 75, 190], [97, 75, 188], [66, 219, 235]]",-1.0,-1.0,"[64.579, 37.328, 37.992, 37.989, 37.959]"
2231,76.8.213.231,"[[97, 75, 190], [97, 75, 188], [66, 219, 235]]",-1.0,-1.0,"[36.912, 37.736, 38.369, 38.03, 38.165]"
2232,76.8.213.231,"[[97, 75, 190], [97, 75, 188], [66, 219, 235]]",-1.0,-1.0,"[36.982, 37.457, 38.116, 38.271, 38.108]"
2233,76.8.213.231,"[[97, 75, 190], [97, 75, 188], [66, 219, 235]]",-1.0,-1.0,"[37.36, 37.456, 39.183, 37.97, 37.968]"
2234,76.8.213.231,"[[97, 75, 190], [97, 75, 188], [66, 219, 235]]",-1.0,-1.0,"[36.872, 37.361, 38.24, 38.013, 38.01]"
2235,76.8.213.231,"[[97, 75, 190], [97, 75, 188], [66, 219, 235]]",-1.0,-1.0,"[37.49, 37.578, 38.052, 37.987, 38.04]"
2236,76.8.213.231,"[[97, 75, 190], [97, 75, 188], [66, 219, 235]]",-1.0,-1.0,"[36.795, 37.276, 38.222, 38.166, 38.162]"
2237,76.8.213.231,"[[97, 75, 190], [97, 75, 188], [66, 219, 235]]",-1.0,-1.0,"[37.357, 37.385, 38.209, 37.961, 38.048]"
2238,76.8.213.231,"[[97, 75, 190], [97, 75, 188], [66, 219, 235]]",-1.0,-1.0,"[37.236, 37.536, 38.376, 38.401, 38.081]"
2239,76.8.213.231,"[[97, 75, 190], [97, 75, 188], [66, 219, 235]]",-1.0,-1.0,"[36.956, 37.437, 38.09, 38.088, 38.058]"
2240,76.8.213.231,"[[97, 75, 190], [97, 75, 188], [66, 219, 235]]",-1.0,-1.0,"[36.84, 37.517, 37.976, 38.021, 37.978]"
2241,76.8.213.231,"[[97, 75, 190], [97, 75, 188], [66, 219, 235]]",-1.0,-1.0,"[37.088, 37.294, 40.221, 38.015, 38.159]"
2242,76.8.213.231,"[[97, 75, 190], [97, 75, 188], [66, 219, 235]]",-1.0,-1.0,"[37.002, 37.451, 39.004, 38.129, 38.196]"
2243,76.8.213.231,"[[97, 75, 190], [97, 75, 188], [66, 219, 235]]",-1.0,-1.0,"[46.733, 37.745, 38.506, 40.684, 38.161]"
2244,76.8.213.231,"[[97, 75, 190], [97, 75, 188], [66, 219, 235]]",-1.0,-1.0,"[37.066, 37.663, 38.376, 38.151, 38.091]"
2245,76.8.213.231,"[[97, 75, 190], [97, 75, 188], [66, 219, 235]]",-1.0,-1.0,"[53.938, 37.519, 38.531, 50.191, 38.016]"
2246,76.8.213.231,"[[97, 75, 190], [97, 75, 188], [66, 219, 235]]",-1.0,-1.0,"[37.237, 37.445, 38.068, 40.443, 38.06]"
2247,76.8.213.231,"[[97, 75, 190], [97, 75, 188], [66, 219, 235]]",-1.0,-1.0,"[37.439, 37.575, 38.198, 38.105, 38.19]"
2248,76.8.213.231,"[[97, 75, 190], [97, 75, 188], [66, 219, 235]]",-1.0,-1.0,"[38.223, 37.531, 39.939, 38.132, 38.072]"
2249,76.8.213.231,"[[97, 75, 190], [97, 75, 188], [66, 219, 235]]",-1.0,-1.0,"[36.894, 37.742, 38.155, 38.149, 38.169]"
2250,76.8.213.231,"[[97, 75, 190], [97, 75, 188], [66, 219, 235]]",-1.0,-1.0,"[36.904, 37.691, 38.143, 49.74, 38.007]"
2251,76.8.213.231,"[[97, 75, 190], [97, 75, 188], [66, 219, 235]]",-1.0,-1.0,"[37.147, 37.437, 47.798, 38.126, 38.124]"
2252,76.8.213.231,"[[97, 75, 190], [97, 75, 188], [66, 219, 235]]",-1.0,-1.0,"[36.903, 37.368, 38.176, 37.934, 38.099]"
2253,76.8.213.231,"[[97, 75, 190], [97, 75, 188], [66, 219, 235]]",-1.0,-1.0,"[37.066, 37.64, 37.985, 37.983, 38.053]"
2254,76.8.213.231,"[[97, 75, 190], [97, 75, 188], [66, 219, 235]]",-1.0,-1.0,"[50.03, 37.545, 38.163, 38.565, 38.083]"
2255,76.8.213.231,"[[97, 75, 190], [97, 75, 188], [66, 219, 235]]",-1.0,-1.0,"[36.959, 37.855, 38.279, 38.808, 38.205]"
2256,76.8.213.231,"[[97, 75, 190], [97, 75, 188], [66, 219, 235]]",-1.0,-1.0,"[37.204, 37.476, 38.272, 38.442, 38.034]"
2257,76.8.213.231,"[[97, 75, 190], [97, 75, 188], [66, 219, 235]]",-1.0,-1.0,"[37.374, 37.502, 38.085, 38.037, 38.068]"
2258,76.8.213.231,"[[97, 75, 190], [97, 75, 188], [66, 219, 235]]",-1.0,-1.0,"[36.96, 37.595, 38.177, 38.132, 38.197]"
2259,76.8.213.231,"[[97, 75, 190], [97, 75, 188], [66, 219, 235]]",-1.0,-1.0,"[38.747, 37.37, 38.444, 38.74, 38.105]"
2260,76.8.213.231,"[[97, 75, 190], [97, 75, 188], [66, 219, 235]]",-1.0,-1.0,"[36.901, 37.632, 39.342, 37.994, 37.991]"
2261,76.8.213.231,"[[97, 75, 190], [97, 75, 188], [66, 219, 235]]",-1.0,-1.0,"[37.1, 37.402, 38.208, 38.605, 38.007]"
2262,76.8.213.231,"[[97, 75, 190], [97, 75, 188], [66, 219, 235]]",-1.0,-1.0,"[36.868, 37.453, 41.448, 37.967, 38.134]"
2263,76.8.213.231,"[[97, 75, 190], [97, 75, 188], [66, 219, 235]]",-1.0,-1.0,"[36.883, 37.721, 38.323, 38.003, 38.048]"
2264,76.8.213.231,"[[97, 75, 190], [97, 75, 188], [66, 219, 235]]",-1.0,-1.0,"[36.913, 37.414, 38.09, 38.263, 38.058]"
2265,76.8.213.231,"[[97, 75, 190], [97, 75, 188], [66, 219, 235]]",-1.0,-1.0,"[36.958, 37.425, 38.257, 38.105, 38.029]"
2266,76.8.213.231,"[[97, 75, 190], [97, 75, 188], [66, 219, 235]]",-1.0,-1.0,"[37.269, 37.466, 38.268, 38.012, 38.129]"
2267,76.8.213.231,"[[97, 75, 190], [97, 75, 188], [66, 219, 235]]",-1.0,-1.0,"[37.185, 37.707, 38.115, 38.049, 38.0]"
2268,76.8.213.231,"[[97, 75, 190], [97, 75, 188], [66, 219, 235]]",-1.0,-1.0,"[37.049, 37.475, 38.116, 38.066, 39.482]"
2269,76.8.213.231,"[[97, 75, 190], [97, 75, 188], [66, 219, 235]]",-1.0,-1.0,"[36.968, 37.548, 43.52, 38.043, 38.04]"
2270,76.8.213.231,"[[97, 75, 190], [97, 75, 188], [66, 219, 235]]",-1.0,-1.0,"[36.913, 37.597, 38.258, 40.507, 38.073]"
2271,76.8.213.231,"[[97, 75, 190], [97, 75, 188], [66, 219, 235]]",-1.0,-1.0,"[37.23, 37.372, 38.09, 38.129, 38.083]"
2272,76.8.213.231,"[[97, 75, 190], [97, 75, 188], [66, 219, 235]]",-1.0,-1.0,"[37.283, 37.472, 38.409, 38.021, 38.016]"
2273,76.8.213.231,"[[97, 75, 190], [97, 75, 188], [66, 219, 235]]",-1.0,-1.0,"[36.918, 37.551, 38.173, 38.103, 38.163]"
2274,76.8.213.231,"[[97, 75, 190], [97, 75, 188], [66, 219, 235]]",-1.0,-1.0,"[36.9, 39.623, 38.049, 38.35, 38.043]"
2275,76.8.213.231,"[[97, 75, 190], [97, 75, 188], [66, 219, 235]]",-1.0,-1.0,"[36.797, 47.054, 38.013, 44.262, 38.086]"
2276,76.8.213.231,"[[97, 75, 190], [97, 75, 188], [66, 219, 235]]",-1.0,-1.0,"[37.142, 37.584, 38.106, 38.102, 37.991]"
2277,76.8.213.231,"[[97, 75, 190], [97, 75, 188], [66, 219, 235]]",-1.0,-1.0,"[36.768, 37.389, 38.139, 38.072, 37.943]"
2278,76.8.213.231,"[[97, 75, 190], [97, 75, 188], [66, 219, 235]]",-1.0,-1.0,"[36.933, 37.482, 38.514, 38.185, 38.2]"
2279,76.8.213.231,"[[97, 75, 190], [97, 75, 188], [66, 219, 235]]",-1.0,-1.0,"[37.05, 37.331, 38.2, 38.005, 37.972]"
2280,76.8.213.231,"[[97, 75, 190], [97, 75, 188], [66, 219, 235]]",-1.0,-1.0,"[37.565, 37.75, 38.638, 38.615, 38.465]"
2281,76.8.213.231,"[[97, 75, 190], [97, 75, 188], [66, 219, 235]]",-1.0,-1.0,"[36.733, 37.512, 38.152, 37.941, 37.874]"
2282,76.8.213.231,"[[97, 75, 190], [97, 75, 188], [66, 219, 235]]",-1.0,-1.0,"[36.911, 37.532, 37.992, 38.293, 37.998]"
2283,76.8.213.231,"[[97, 75, 190], [97, 75, 188], [66, 219, 235]]",-1.0,-1.0,"[37.325, 39.02, 38.153, 38.206, 38.147]"
2284,76.8.213.231,"[[97, 75, 190], [97, 75, 188], [66, 219, 235]]",-1.0,-1.0,"[36.918, 37.715, 38.268, 38.074, 38.089]"
2285,76.8.213.231,"[[97, 75, 190], [97, 75, 188], [66, 219, 235]]",-1.0,-1.0,"[37.05, 38.723, 38.243, 38.547, 38.035]"
2286,76.8.213.231,"[[97, 75, 190], [97, 75, 188], [66, 219, 235]]",-1.0,-1.0,"[36.78, 37.291, 39.413, 37.973, 37.925]"
2287,76.8.213.231,"[[97, 75, 190], [97, 75, 188], [66, 219, 235]]",-1.0,-1.0,"[37.229, 37.388, 38.078, 38.036, 37.944]"
2288,76.8.213.231,"[[97, 75, 190], [97, 75, 188], [66, 219, 235]]",-1.0,-1.0,"[38.789, 38.786, 38.781, 40.747, 38.768]"
2289,76.8.213.231,"[[97, 75, 190], [97, 75, 188], [66, 219, 235]]",-1.0,-1.0,"[36.885, 39.008, 39.005, 39.001, 38.997]"
2290,76.8.213.231,"[[97, 75, 190], [97, 75, 188], [66, 219, 235]]",-1.0,-1.0,"[36.979, 37.357, 38.12, 37.883, 37.98]"
2291,76.8.213.231,"[[97, 75, 190], [97, 75, 188], [66, 219, 235]]",-1.0,-1.0,"[36.87, 37.696, 38.274, 37.937, 38.002]"
2292,76.8.213.231,"[[97, 75, 190], [97, 75, 188], [66, 219, 235]]",-1.0,-1.0,"[36.943, 37.947, 37.987, 37.98, 39.933]"
2293,76.8.213.231,"[[97, 75, 190], [97, 75, 188], [66, 219, 235]]",-1.0,-1.0,"[38.683, 37.354, 38.022, 38.021, 38.018]"
2294,76.8.213.231,"[[97, 75, 190], [97, 75, 188], [66, 219, 235]]",-1.0,-1.0,"[59.301, 37.444, 38.057, 37.937, 37.934]"
2295,76.8.213.231,"[[97, 75, 190], [97, 75, 188], [66, 219, 235]]",-1.0,-1.0,"[37.707, 46.761, 38.438, 38.165, 38.068]"
2296,76.8.213.231,"[[97, 75, 190], [97, 75, 188], [66, 219, 235]]",-1.0,-1.0,"[37.882, 39.602, 38.236, 47.296, 38.004]"
2297,76.8.213.231,"[[97, 75, 190], [97, 75, 188], [66, 219, 235]]",-1.0,-1.0,"[41.709, 37.575, 38.222, 38.221, 38.218]"
2298,76.8.213.231,"[[97, 75, 190], [97, 75, 188], [66, 219, 235]]",-1.0,-1.0,"[36.902, 37.596, 38.233, 37.941, 37.939]"
2299,76.8.213.231,"[[97, 75, 190], [97, 75, 188], [66, 219, 235]]",-1.0,-1.0,"[36.963, 37.428, 38.316, 38.026, 38.023]"
2300,76.8.213.231,"[[97, 75, 190], [97, 75, 188], [66, 219, 235]]",-1.0,-1.0,"[36.858, 37.422, 38.064, 47.994, 38.035]"
2301,76.8.213.231,"[[97, 75, 190], [97, 75, 188], [66, 219, 235]]",-1.0,-1.0,"[37.035, 37.444, 38.081, 38.058, 38.02]"
2302,76.8.213.231,"[[97, 75, 190], [97, 75, 188], [66, 219, 235]]",-1.0,-1.0,"[37.14, 37.352, 38.055, 37.961, 37.937]"
2303,76.8.213.231,"[[97, 75, 190], [97, 75, 188], [66, 219, 235]]",-1.0,-1.0,"[36.866, 37.538, 38.021, 39.539, 38.043]"
2304,76.8.213.231,"[[97, 75, 190], [97, 75, 188], [66, 219, 235]]",-1.0,-1.0,"[67.324, 37.263, 38.06, 38.056, 38.486]"
2305,76.8.213.231,"[[97, 75, 190], [97, 75, 188], [66, 219, 235]]",-1.0,-1.0,"[36.756, 37.283, 38.009, 37.958, 37.955]"
2306,76.8.213.231,"[[97, 75, 190], [97, 75, 188], [66, 219, 235]]",-1.0,-1.0,"[36.778, 37.354, 38.036, 37.991, 38.003]"
2307,76.8.213.231,"[[97, 75, 190], [97, 75, 188], [66, 219, 235]]",-1.0,-1.0,"[36.942, 37.342, 38.097, 37.932, 37.943]"
2308,76.8.213.231,"[[97, 75, 190], [97, 75, 188], [66, 219, 235]]",-1.0,-1.0,"[36.861, 37.424, 38.039, 38.036, 38.033]"
2309,76.8.213.231,"[[97, 75, 190], [97, 75, 188], [66, 219, 235]]",-1.0,-1.0,"[37.652, 37.606, 37.954, 39.496, 38.038]"
2310,76.8.213.231,"[[97, 75, 190], [97, 75, 188], [66, 219, 235]]",-1.0,-1.0,"[36.837, 37.461, 38.162, 39.522, 38.034]"
2311,76.8.213.231,"[[97, 75, 190], [97, 75, 188], [66, 219, 235]]",-1.0,-1.0,"[36.762, 37.424, 38.021, 46.672, 37.925]"
2312,76.8.213.231,"[[97, 75, 190], [97, 75, 188], [66, 219, 235]]",-1.0,-1.0,"[36.831, 40.896, 38.028, 38.215, 38.022]"
2313,76.8.213.231,"[[97, 75, 190], [97, 75, 188], [66, 219, 235]]",-1.0,-1.0,"[36.88, 37.496, 38.264, 38.178, 38.051]"
2314,76.8.213.231,"[[97, 75, 190], [97, 75, 188], [66, 219, 235]]",-1.0,-1.0,"[36.754, 37.356, 38.198, 37.937, 37.91]"
2315,76.8.213.231,"[[97, 75, 190], [97, 75, 188], [66, 219, 235]]",-1.0,-1.0,"[37.082, 37.386, 38.187, 38.005, 38.018]"
2316,76.8.213.231,"[[97, 75, 190], [97, 75, 188], [66, 219, 235]]",-1.0,-1.0,"[37.089, 44.055, 38.024, 38.21, 38.122]"
2317,76.8.213.231,"[[97, 75, 190], [97, 75, 188], [66, 219, 235]]",-1.0,-1.0,"[36.79, 37.551, 38.229, 37.987, 38.102]"
2318,76.8.213.231,"[[97, 75, 190], [97, 75, 188], [66, 219, 235]]",-1.0,-1.0,"[37.128, 37.269, 38.042, 45.081, 37.928]"
2319,76.8.213.231,"[[97, 75, 190], [97, 75, 188], [66, 219, 235]]",-1.0,-1.0,"[37.882, 37.524, 38.009, 37.96, 38.088]"
2320,76.8.213.231,"[[97, 75, 190], [97, 75, 188], [66, 219, 235]]",-1.0,-1.0,"[37.037, 37.535, 38.031, 38.052, 38.026]"
2321,76.8.213.231,"[[97, 75, 190], [97, 75, 188], [66, 219, 235]]",-1.0,-1.0,"[36.831, 37.545, 38.857, 37.976, 38.077]"
2322,76.8.213.231,"[[97, 75, 190], [97, 75, 188], [66, 219, 235]]",-1.0,-1.0,"[42.231, 37.319, 38.045, 37.959, 37.941]"
2323,76.8.213.231,"[[97, 75, 190], [97, 75, 188], [66, 219, 235]]",-1.0,-1.0,"[36.764, 39.1, 37.978, 38.176, 37.973]"
2324,76.8.213.231,"[[97, 75, 190], [97, 75, 188], [66, 219, 235]]",-1.0,-1.0,"[36.833, 37.39, 38.107, 38.059, 37.993]"
2325,76.8.213.231,"[[97, 75, 190], [97, 75, 188], [66, 219, 235]]",-1.0,-1.0,"[37.044, 37.337, 38.199, 37.997, 37.994]"
2326,76.8.213.231,"[[97, 75, 190], [97, 75, 188], [66, 219, 235]]",-1.0,-1.0,"[36.864, 38.654, 38.234, 38.388, 38.195]"
2327,76.8.213.231,"[[97, 75, 190], [97, 75, 188], [66, 219, 235]]",-1.0,-1.0,"[36.985, 37.362, 38.047, 38.01, 38.006]"
2328,76.8.213.231,"[[97, 75, 190], [97, 75, 188], [66, 219, 235]]",-1.0,-1.0,"[37.279, 42.432, 38.062, 38.218, 38.08]"
2329,76.8.213.231,"[[97, 75, 190], [97, 75, 188], [66, 219, 235]]",-1.0,-1.0,"[36.938, 37.551, 37.996, 38.412, 37.972]"
2330,76.8.213.231,"[[97, 75, 190], [97, 75, 188], [66, 219, 235]]",-1.0,-1.0,"[37.018, 37.356, 38.065, 37.978, 37.976]"
2331,76.8.213.231,"[[97, 75, 190], [97, 75, 188], [66, 219, 235]]",-1.0,-1.0,"[37.033, 37.418, 38.378, 37.979, 38.045]"
2332,76.8.213.231,"[[97, 75, 190], [97, 75, 188], [66, 219, 235]]",-1.0,-1.0,"[37.58, 37.379, 37.984, 37.95, 38.007]"
2333,76.8.213.231,"[[97, 75, 190], [97, 75, 188], [66, 219, 235]]",-1.0,-1.0,"[36.834, 37.469, 38.308, 37.917, 37.925]"
2334,76.8.213.231,"[[97, 75, 190], [97, 75, 188], [66, 219, 235]]",-1.0,-1.0,"[36.833, 37.502, 37.978, 37.973, 37.97]"
2335,76.8.213.231,"[[97, 75, 190], [97, 75, 188], [66, 219, 235]]",-1.0,-1.0,"[36.915, 37.567, 38.277, 38.052, 38.074]"
2336,76.8.213.231,"[[97, 75, 190], [97, 75, 188], [66, 219, 235]]",-1.0,-1.0,"[37.033, 39.036, 38.406, 38.209, 38.097]"
2337,76.8.213.231,"[[97, 75, 190], [97, 75, 188], [66, 219, 235]]",-1.0,-1.0,"[36.863, 37.418, 38.052, 37.891, 37.996]"
2338,76.8.213.231,"[[97, 75, 190], [97, 75, 188], [66, 219, 235]]",-1.0,-1.0,"[40.537, 40.532, 40.526, 40.522, 40.493]"
2339,76.8.213.231,"[[97, 75, 190], [97, 75, 188], [66, 219, 235]]",-1.0,-1.0,"[36.857, 37.428, 39.287, 37.974, 37.972]"
2340,76.8.213.231,"[[97, 75, 190], [97, 75, 188], [66, 219, 235]]",-1.0,-1.0,"[36.809, 37.272, 38.342, 38.037, 38.07]"
2341,76.8.213.231,"[[97, 75, 190], [97, 75, 188], [66, 219, 235]]",-1.0,-1.0,"[39.254, 37.458, 38.044, 39.245, 38.186]"
2342,76.8.213.231,"[[97, 75, 190], [97, 75, 188], [66, 219, 235]]",-1.0,-1.0,"[36.742, 37.688, 38.157, 37.993, 38.085]"
2343,76.8.213.231,"[[97, 75, 190], [97, 75, 188], [66, 219, 235]]",-1.0,-1.0,"[36.911, 37.377, 38.168, 38.031, 38.01]"
2344,76.8.213.231,"[[97, 75, 190], [97, 75, 188], [66, 219, 235]]",-1.0,-1.0,"[37.115, 37.611, 38.031, 38.136, 38.008]"
2345,76.8.213.231,"[[97, 75, 190], [97, 75, 188], [66, 219, 235]]",-1.0,-1.0,"[36.811, 37.626, 38.139, 38.061, 37.997]"
2346,76.8.213.231,"[[97, 75, 190], [97, 75, 188], [66, 219, 235]]",-1.0,-1.0,"[36.977, 37.289, 38.199, 38.006, 38.103]"
2347,76.8.213.231,"[[97, 75, 190], [97, 75, 188], [66, 219, 235]]",-1.0,-1.0,"[38.14, 37.487, 38.2, 38.01, 38.055]"
2348,76.8.213.231,"[[97, 75, 190], [97, 75, 188], [66, 219, 235]]",-1.0,-1.0,"[36.799, 37.393, 39.974, 38.042, 38.33]"
2349,76.8.213.231,"[[97, 75, 190], [97, 75, 188], [66, 219, 235]]",-1.0,-1.0,"[36.96, 37.623, 38.026, 52.77, 38.181]"
2350,76.8.213.231,"[[97, 75, 190], [97, 75, 188], [66, 219, 235]]",-1.0,-1.0,"[37.382, 37.506, 38.003, 39.167, 38.154]"
2351,76.8.213.231,"[[97, 75, 190], [97, 75, 188], [66, 219, 235]]",-1.0,-1.0,"[36.931, 37.29, 38.003, 38.0, 37.998]"
2352,76.8.213.231,"[[97, 75, 190], [97, 75, 188], [66, 219, 235]]",-1.0,-1.0,"[36.714, 37.551, 37.911, 41.18, 38.082]"
2353,76.8.213.231,"[[97, 75, 190], [97, 75, 188], [66, 219, 235]]",-1.0,-1.0,"[37.275, 37.641, 38.231, 38.106, 37.997]"
2354,76.8.213.231,"[[97, 75, 190], [97, 75, 188], [66, 219, 235]]",-1.0,-1.0,"[36.984, 37.415, 38.022, 37.989, 37.987]"
2355,76.8.213.231,"[[97, 75, 190], [97, 75, 188], [66, 219, 235]]",-1.0,-1.0,"[36.82, 37.381, 38.351, 38.073, 38.01]"
2356,76.8.213.231,"[[97, 75, 190], [97, 75, 188], [66, 219, 235]]",-1.0,-1.0,"[36.75, 37.547, 38.04, 38.038, 38.036]"
2357,76.8.213.231,"[[97, 75, 190], [97, 75, 188], [66, 219, 235]]",-1.0,-1.0,"[36.849, 37.54, 38.017, 38.71, 38.093]"
2358,76.8.213.231,"[[97, 75, 190], [97, 75, 188], [66, 219, 235]]",-1.0,-1.0,"[37.001, 37.613, 38.103, 40.275, 38.097]"
2359,76.8.213.231,"[[97, 75, 190], [97, 75, 188], [66, 219, 235]]",-1.0,-1.0,"[37.278, 37.545, 38.186, 38.024, 37.956]"
2360,76.8.213.231,"[[97, 75, 190], [97, 75, 188], [66, 219, 235]]",-1.0,-1.0,"[37.152, 37.323, 38.02, 38.07, 37.943]"
2361,76.8.213.231,"[[97, 75, 190], [97, 75, 188], [66, 219, 235]]",-1.0,-1.0,"[36.976, 39.252, 39.248, 43.554, 38.094]"
2362,76.8.213.231,"[[97, 75, 190], [97, 75, 188], [66, 219, 235]]",-1.0,-1.0,"[36.963, 37.364, 38.274, 38.429, 37.978]"
2363,76.8.213.231,"[[97, 75, 190], [97, 75, 188], [66, 219, 235]]",-1.0,-1.0,"[38.175, 37.534, 38.235, 37.992, 37.99]"
2364,76.8.213.231,"[[97, 75, 190], [97, 75, 188], [66, 219, 235]]",-1.0,-1.0,"[47.57, 37.567, 38.054, 38.007, 38.048]"
2365,76.8.213.231,"[[97, 75, 190], [97, 75, 188], [66, 219, 235]]",-1.0,-1.0,"[37.512, 37.54, 38.578, 38.058, 38.151]"
2366,76.8.213.231,"[[97, 75, 190], [97, 75, 188], [66, 219, 235]]",-1.0,-1.0,"[36.92, 37.519, 38.042, 38.124, 38.036]"
2367,76.8.213.231,"[[97, 75, 190], [97, 75, 188], [66, 219, 235]]",-1.0,-1.0,"[37.176, 37.402, 38.27, 38.226, 38.222]"
2368,76.8.213.231,"[[97, 75, 190], [97, 75, 188], [66, 219, 235]]",-1.0,-1.0,"[38.52, 38.515, 38.674, 39.572, 38.821]"
2369,76.8.213.231,"[[97, 75, 190], [97, 75, 188], [66, 219, 235]]",-1.0,-1.0,"[36.848, 37.514, 38.307, 38.046, 38.066]"
2370,76.8.213.231,"[[97, 75, 190], [97, 75, 188], [66, 219, 235]]",-1.0,-1.0,"[37.059, 37.518, 38.21, 37.995, 37.913]"
2371,76.8.213.231,"[[97, 75, 190], [97, 75, 188], [66, 219, 235]]",-1.0,-1.0,"[37.123, 37.383, 38.005, 38.035, 38.044]"
2372,76.8.213.231,"[[97, 75, 190], [97, 75, 188], [66, 219, 235]]",-1.0,-1.0,"[36.846, 38.426, 38.109, 38.162, 38.105]"
2373,76.8.213.231,"[[97, 75, 190], [97, 75, 188], [66, 219, 235]]",-1.0,-1.0,"[36.988, 37.887, 38.155, 38.152, 38.15]"
2374,76.8.213.231,"[[97, 75, 190], [97, 75, 188], [66, 219, 235]]",-1.0,-1.0,"[37.075, 37.358, 38.188, 38.035, 37.973]"
2375,76.8.213.231,"[[97, 75, 190], [97, 75, 188], [66, 219, 235]]",-1.0,-1.0,"[36.893, 37.985, 38.098, 38.18, 38.091]"
2376,76.8.213.231,"[[97, 75, 190], [97, 75, 188], [66, 219, 235]]",-1.0,-1.0,"[37.203, 37.383, 38.039, 37.983, 38.036]"
2377,76.8.213.231,"[[97, 75, 190], [97, 75, 188], [66, 219, 235]]",-1.0,-1.0,"[37.25, 37.398, 37.988, 52.09, 37.954]"
2378,76.8.213.231,"[[97, 75, 190], [97, 75, 188], [66, 219, 235]]",-1.0,-1.0,"[36.978, 37.374, 38.1, 37.974, 38.017]"
2379,76.8.213.231,"[[97, 75, 190], [97, 75, 188], [66, 219, 235]]",-1.0,-1.0,"[36.932, 37.546, 38.208, 37.94, 38.184]"
2380,76.8.213.231,"[[97, 75, 190], [97, 75, 188], [66, 219, 235]]",-1.0,-1.0,"[36.835, 37.554, 37.974, 38.018, 38.001]"
2381,76.8.213.231,"[[97, 75, 190], [97, 75, 188], [66, 219, 235]]",-1.0,-1.0,"[36.968, 39.002, 38.086, 38.212, 38.08]"
2382,76.8.213.231,"[[97, 75, 190], [97, 75, 188], [66, 219, 235]]",-1.0,-1.0,"[37.434, 37.799, 39.134, 37.97, 37.932]"
2383,76.8.213.231,"[[97, 75, 190], [97, 75, 188], [66, 219, 235]]",-1.0,-1.0,"[38.107, 37.547, 37.978, 37.929, 38.041]"
2384,76.8.213.231,"[[97, 75, 190], [97, 75, 188], [66, 219, 235]]",-1.0,-1.0,"[36.865, 37.409, 44.149, 37.999, 38.073]"
2385,76.8.213.231,"[[97, 75, 190], [97, 75, 188], [66, 219, 235]]",-1.0,-1.0,"[36.939, 37.228, 38.745, 37.988, 38.011]"
2386,76.8.213.231,"[[97, 75, 190], [97, 75, 188], [66, 219, 235]]",-1.0,-1.0,"[37.61, 38.441, 37.976, 38.176, 38.014]"
2387,76.8.213.231,"[[97, 75, 190], [97, 75, 188], [66, 219, 235]]",-1.0,-1.0,"[37.256, 49.006, 38.001, 38.165, 37.995]"
2388,76.8.213.231,"[[97, 75, 190], [97, 75, 188], [66, 219, 235]]",-1.0,-1.0,"[36.952, 37.808, 38.274, 46.778, 38.269]"
2389,76.8.213.231,"[[97, 75, 190], [97, 75, 188], [66, 219, 235]]",-1.0,-1.0,"[40.074, 37.516, 38.859, 38.018, 38.188]"
2390,76.8.213.231,"[[97, 75, 190], [97, 75, 188], [66, 219, 235]]",-1.0,-1.0,"[36.89, 37.359, 38.21, 38.022, 38.001]"
2391,76.8.213.231,"[[97, 75, 190], [97, 75, 188], [66, 219, 235]]",-1.0,-1.0,"[36.79, 37.806, 38.267, 38.016, 37.973]"
2392,76.8.213.231,"[[97, 75, 190], [97, 75, 188], [66, 219, 235]]",-1.0,-1.0,"[36.837, 37.288, 37.982, 37.979, 37.976]"
2393,76.8.213.231,"[[97, 75, 190], [97, 75, 188], [66, 219, 235]]",-1.0,-1.0,"[36.834, 37.799, 38.523, 38.006, 38.136]"
2394,76.8.213.231,"[[97, 75, 190], [97, 75, 188], [66, 219, 235]]",-1.0,-1.0,"[37.286, 37.493, 38.001, 38.151, 38.013]"
2395,76.8.213.231,"[[97, 75, 190], [97, 75, 188], [66, 219, 235]]",-1.0,-1.0,"[36.802, 37.695, 38.021, 37.98, 38.033]"
2396,76.8.213.231,"[[97, 75, 190], [97, 75, 188], [66, 219, 235]]",-1.0,-1.0,"[40.443, 37.529, 38.022, 38.018, 38.016]"
2397,76.8.213.231,"[[97, 75, 190], [97, 75, 188], [66, 219, 235]]",-1.0,-1.0,"[38.121, 37.538, 38.26, 40.461, 38.003]"
2398,76.8.213.231,"[[97, 75, 190], [97, 75, 188], [66, 219, 235]]",-1.0,-1.0,"[36.876, 38.504, 38.065, 38.237, 38.06]"
2399,76.8.213.231,"[[97, 75, 190], [97, 75, 188], [66, 219, 235]]",-1.0,-1.0,"[36.983, 39.394, 38.133, 38.631, 37.991]"
2400,76.8.213.231,"[[97, 75, 190], [97, 75, 188], [66, 219, 235]]",-1.0,-1.0,"[39.542, 37.49, 54.608, 37.912, 37.96]"
2401,76.8.213.231,"[[97, 75, 190], [97, 75, 188], [66, 219, 235]]",-1.0,-1.0,"[38.105, 40.094, 39.352, 39.634, 39.558]"
2402,76.8.213.231,"[[97, 75, 190], [97, 75, 188], [66, 219, 235]]",-1.0,-1.0,"[38.869, 37.396, 38.131, 38.005, 38.002]"
2403,76.8.213.231,"[[97, 75, 190], [97, 75, 188], [66, 219, 235]]",-1.0,-1.0,"[36.817, 37.357, 38.225, 37.947, 37.994]"
2404,76.8.213.231,"[[97, 75, 190], [97, 75, 188], [66, 219, 235]]",-1.0,-1.0,"[36.829, 37.398, 38.245, 55.202, 38.046]"
2405,76.8.213.231,"[[97, 75, 190], [97, 75, 188], [66, 219, 235]]",-1.0,-1.0,"[47.109, 38.195, 38.071, 38.298, 38.037]"
2406,76.8.213.231,"[[97, 75, 190], [97, 75, 188], [66, 219, 235]]",-1.0,-1.0,"[36.766, 37.29, 38.14, 45.031, 38.005]"
2407,76.8.213.231,"[[97, 75, 190], [97, 75, 188], [66, 219, 235]]",-1.0,-1.0,"[38.369, 37.77, 38.309, 38.03, 38.027]"
2408,76.8.213.231,"[[97, 75, 190], [97, 75, 188], [66, 219, 235]]",-1.0,-1.0,"[37.303, 37.678, 38.063, 37.97, 37.94]"
2409,76.8.213.231,"[[97, 75, 190], [97, 75, 188], [66, 219, 235]]",-1.0,-1.0,"[36.813, 37.625, 38.319, 38.201, 38.197]"
2410,76.8.213.231,"[[97, 75, 190], [97, 75, 188], [66, 219, 235]]",-1.0,-1.0,"[37.102, 37.313, 38.049, 38.045, 38.041]"
2411,76.8.213.231,"[[97, 75, 190], [97, 75, 188], [66, 219, 235]]",-1.0,-1.0,"[36.895, 37.329, 38.187, 37.98, 37.971]"
2412,76.8.213.231,"[[97, 75, 190], [97, 75, 188], [66, 219, 235]]",-1.0,-1.0,"[36.948, 38.138, 52.79, 38.201, 38.315]"
2413,76.8.213.231,"[[97, 75, 190], [97, 75, 188], [66, 219, 235]]",-1.0,-1.0,"[36.753, 37.398, 38.103, 37.93, 37.926]"
2414,76.8.213.231,"[[97, 75, 190], [97, 75, 188], [66, 219, 235]]",-1.0,-1.0,"[36.748, 37.369, 38.036, 38.011, 38.12]"
2415,76.8.213.231,"[[97, 75, 190], [97, 75, 188], [66, 219, 235]]",-1.0,-1.0,"[36.823, 37.496, 38.153, 37.963, 38.073]"
2416,76.8.213.231,"[[97, 75, 190], [97, 75, 188], [66, 219, 235]]",-1.0,-1.0,"[37.038, 37.503, 38.153, 38.045, 38.145]"
2417,76.8.213.231,"[[97, 75, 190], [97, 75, 188], [66, 219, 235]]",-1.0,-1.0,"[37.15, 38.087, 38.136, 38.17, 37.953]"
2418,76.8.213.231,"[[97, 75, 190], [97, 75, 188], [66, 219, 235]]",-1.0,-1.0,"[40.135, 37.648, 38.205, 38.025, 38.021]"
2419,76.8.213.231,"[[97, 75, 190], [97, 75, 188], [66, 219, 235]]",-1.0,-1.0,"[36.949, 37.602, 38.156, 38.056, 38.041]"
2420,76.8.213.231,"[[97, 75, 190], [97, 75, 188], [66, 219, 235]]",-1.0,-1.0,"[36.853, 37.421, 38.079, 40.169, 37.976]"
2421,76.8.213.231,"[[97, 75, 190], [97, 75, 188], [66, 219, 235]]",-1.0,-1.0,"[36.913, 37.89, 38.197, 38.194, 38.254]"
2422,76.8.213.231,"[[97, 75, 190], [97, 75, 188], [66, 219, 235]]",-1.0,-1.0,"[36.822, 37.326, 38.027, 38.023, 38.019]"
2423,76.8.213.231,"[[97, 75, 190], [97, 75, 188], [66, 219, 235]]",-1.0,-1.0,"[36.82, 38.622, 39.007, 38.253, 38.076]"
2424,76.8.213.231,"[[97, 75, 190], [97, 75, 188], [66, 219, 235]]",-1.0,-1.0,"[36.91, 37.581, 38.201, 38.804, 38.068]"
2425,76.8.213.231,"[[97, 75, 190], [97, 75, 188], [66, 219, 235]]",-1.0,-1.0,"[37.073, 37.304, 38.046, 38.039, 38.1]"
2426,76.8.213.231,"[[97, 75, 190], [97, 75, 188], [66, 219, 235]]",-1.0,-1.0,"[36.879, 39.587, 38.335, 38.706, 38.329]"
2427,76.8.213.231,"[[97, 75, 190], [97, 75, 188], [66, 219, 235]]",-1.0,-1.0,"[37.436, 37.571, 61.326, 38.04, 38.059]"
2428,76.8.213.231,"[[97, 75, 190], [97, 75, 188], [66, 219, 235]]",-1.0,-1.0,"[36.73, 37.365, 38.026, 37.97, 38.014]"
2429,76.8.213.231,"[[97, 75, 190], [97, 75, 188], [66, 219, 235]]",-1.0,-1.0,"[36.757, 37.301, 38.115, 38.001, 38.217]"
2430,76.8.213.231,"[[97, 75, 190], [97, 75, 188], [66, 219, 235]]",-1.0,-1.0,"[37.021, 37.447, 37.963, 37.879, 37.946]"
2431,76.8.213.231,"[[97, 75, 190], [97, 75, 188], [66, 219, 235]]",-1.0,-1.0,"[36.834, 37.481, 38.195, 37.976, 37.972]"
2432,76.8.213.231,"[[97, 75, 190], [97, 75, 188], [66, 219, 235]]",-1.0,-1.0,"[36.834, 37.373, 38.219, 37.973, 38.016]"
2433,76.8.213.231,"[[97, 75, 190], [97, 75, 188], [66, 219, 235]]",-1.0,-1.0,"[37.108, 37.251, 38.051, 37.889, 37.879]"
2434,76.8.213.231,"[[97, 75, 190], [97, 75, 188], [66, 219, 235]]",-1.0,-1.0,"[37.069, 37.527, 37.964, 37.973, 38.01]"
2435,76.8.213.231,"[[97, 75, 190], [97, 75, 188], [66, 219, 235]]",-1.0,-1.0,"[54.141, 38.503, 38.015, 40.509, 38.009]"
2436,76.8.213.231,"[[97, 75, 190], [97, 75, 188], [66, 219, 235]]",-1.0,-1.0,"[37.31, 37.361, 38.251, 37.858, 38.002]"
2437,76.8.213.231,"[[97, 75, 190], [97, 75, 188], [66, 219, 235]]",-1.0,-1.0,"[37.09, 37.67, 38.01, 38.025, 38.068]"
2438,76.8.213.231,"[[97, 75, 190], [97, 75, 188], [66, 219, 235]]",-1.0,-1.0,"[37.262, 37.817, 38.165, 38.108, 38.195]"
2439,76.8.213.231,"[[97, 75, 190], [97, 75, 188], [66, 219, 235]]",-1.0,-1.0,"[38.465, 38.753, 53.739, 39.128, 39.282]"
2440,76.8.213.231,"[[97, 75, 190], [97, 75, 188], [66, 219, 235]]",-1.0,-1.0,"[36.793, 37.472, 38.268, 38.175, 38.037]"
2441,76.8.213.231,"[[97, 75, 190], [97, 75, 188], [66, 219, 235]]",-1.0,-1.0,"[36.944, 42.103, 38.046, 39.258, 38.095]"
2442,76.8.213.231,"[[97, 75, 190], [97, 75, 188], [66, 219, 235]]",-1.0,-1.0,"[37.173, 38.453, 38.227, 38.316, 38.219]"
2443,76.8.213.231,"[[97, 75, 190], [97, 75, 188], [66, 219, 235]]",-1.0,-1.0,"[36.863, 49.419, 38.15, 38.5, 38.12]"
2444,76.8.213.231,"[[97, 75, 190], [97, 75, 188], [66, 219, 235]]",-1.0,-1.0,"[37.048, 37.249, 38.108, 39.751, 37.974]"
2445,76.8.213.231,"[[97, 75, 190], [97, 75, 188], [66, 219, 235]]",-1.0,-1.0,"[37.006, 37.41, 38.072, 37.963, 38.137]"
2446,76.8.213.231,"[[97, 75, 190], [97, 75, 188], [66, 219, 235]]",-1.0,-1.0,"[37.052, 37.535, 38.089, 38.085, 38.082]"
2447,76.8.213.231,"[[97, 75, 190], [97, 75, 188], [66, 219, 235]]",-1.0,-1.0,"[37.043, 38.675, 37.997, 38.773, 38.05]"
2448,76.8.213.231,"[[97, 75, 190], [97, 75, 188], [66, 219, 235]]",-1.0,-1.0,"[37.435, 39.319, 38.001, 38.342, 37.992]"
2449,76.8.213.231,"[[97, 75, 190], [97, 75, 188], [66, 219, 235]]",-1.0,-1.0,"[37.051, 37.746, 38.043, 38.039, 37.931]"
2450,76.8.213.231,"[[97, 75, 190], [97, 75, 188], [66, 219, 235]]",-1.0,-1.0,"[36.911, 37.533, 38.053, 38.018, 37.96]"
2451,76.8.213.231,"[[97, 75, 190], [97, 75, 188], [66, 219, 235]]",-1.0,-1.0,"[36.981, 37.408, 38.04, 38.064, 38.089]"
2452,76.8.213.231,"[[97, 75, 190], [97, 75, 188], [66, 219, 235]]",-1.0,-1.0,"[37.214, 37.393, 38.108, 38.105, 38.101]"
2453,76.8.213.231,"[[97, 75, 190], [97, 75, 188], [66, 219, 235]]",-1.0,-1.0,"[36.847, 37.12, 37.819, 37.968, 37.839]"
2454,76.8.213.231,"[[97, 75, 190], [97, 75, 188], [66, 219, 235]]",-1.0,-1.0,"[36.978, 37.336, 37.846, 37.874, 37.809]"
2455,76.8.213.231,"[[97, 75, 190], [97, 75, 188], [66, 219, 235]]",-1.0,-1.0,"[36.678, 37.19, 37.817, 37.956, 37.836]"
2456,76.8.213.231,"[[97, 75, 190], [97, 75, 188], [66, 219, 235]]",-1.0,-1.0,"[36.724, 37.506, 37.858, 37.844, 37.875]"
2457,76.8.213.231,"[[97, 75, 190], [97, 75, 188], [66, 219, 235]]",-1.0,-1.0,"[37.973, 37.334, 37.865, 37.89, 37.867]"
2458,76.8.213.231,"[[97, 75, 190], [97, 75, 188], [66, 219, 235]]",-1.0,-1.0,"[54.679, 37.628, 38.183, 37.942, 37.788]"
2459,76.8.213.231,"[[97, 75, 190], [97, 75, 188], [66, 219, 235]]",-1.0,-1.0,"[37.618, 37.559, 38.379, 37.834, 37.856]"
2460,76.8.213.231,"[[97, 75, 190], [97, 75, 188], [66, 219, 235]]",-1.0,-1.0,"[36.652, 54.947, 37.899, 38.051, 37.858]"
2461,76.8.213.231,"[[97, 75, 190], [97, 75, 188], [66, 219, 235]]",-1.0,-1.0,"[36.668, 37.347, 37.942, 37.893, 37.966]"
2462,76.8.213.231,"[[97, 75, 190], [97, 75, 188], [66, 219, 235]]",-1.0,-1.0,"[36.831, 38.84, 38.056, 40.046, 37.876]"
2463,76.8.213.231,"[[97, 75, 190], [97, 75, 188], [66, 219, 235]]",-1.0,-1.0,"[36.677, 39.376, 37.91, 38.104, 38.067]"
2464,76.8.213.231,"[[97, 75, 190], [97, 75, 188], [66, 219, 235]]",-1.0,-1.0,"[36.719, 37.519, 37.937, 37.969, 37.898]"
2465,76.8.213.231,"[[97, 75, 190], [97, 75, 188], [66, 219, 235]]",-1.0,-1.0,"[36.717, 37.282, 37.978, 37.812, 37.808]"
2466,76.8.213.231,"[[97, 75, 190], [97, 75, 188], [66, 219, 235]]",-1.0,-1.0,"[36.925, 37.345, 38.124, 37.825, 37.865]"
2467,76.8.213.231,"[[97, 75, 190], [97, 75, 188], [66, 219, 235]]",-1.0,-1.0,"[36.917, 37.363, 37.798, 37.776, 37.791]"
2468,76.8.213.231,"[[97, 75, 190], [97, 75, 188], [66, 219, 235]]",-1.0,-1.0,"[36.933, 39.215, 38.031, 38.171, 38.013]"
2469,76.8.213.231,"[[97, 75, 190], [97, 75, 188], [66, 219, 235]]",-1.0,-1.0,"[36.724, 37.228, 37.885, 37.883, 37.929]"
2470,76.8.213.231,"[[97, 75, 190], [97, 75, 188], [66, 219, 235]]",-1.0,-1.0,"[36.852, 37.389, 37.924, 37.92, 37.941]"
2471,76.8.213.231,"[[97, 75, 190], [97, 75, 188], [66, 219, 235]]",-1.0,-1.0,"[36.88, 37.114, 37.968, 37.824, 37.844]"
2472,76.8.213.231,"[[97, 75, 190], [97, 75, 188], [66, 219, 235]]",-1.0,-1.0,"[37.017, 37.377, 38.029, 37.727, 37.756]"
2473,76.8.213.231,"[[97, 75, 190], [97, 75, 188], [66, 219, 235]]",-1.0,-1.0,"[37.248, 37.391, 38.118, 37.869, 38.006]"
2474,76.8.213.231,"[[97, 75, 190], [97, 75, 188], [66, 219, 235]]",-1.0,-1.0,"[36.884, 37.463, 38.094, 37.999, 37.927]"
2475,76.8.213.231,"[[97, 75, 190], [97, 75, 188], [66, 219, 235]]",-1.0,-1.0,"[37.016, 37.349, 42.213, 37.873, 37.956]"
2476,76.8.213.231,"[[97, 75, 190], [97, 75, 188], [66, 219, 235]]",-1.0,-1.0,"[37.031, 37.183, 38.073, 52.709, 37.853]"
2477,76.8.213.231,"[[97, 75, 190], [97, 75, 188], [66, 219, 235]]",-1.0,-1.0,"[38.276, 38.273, 38.438, 38.265, 38.261]"
2478,76.8.213.231,"[[97, 75, 190], [97, 75, 188], [66, 219, 235]]",-1.0,-1.0,"[38.96, 37.445, 38.104, 37.915, 37.896]"
2479,76.8.213.231,"[[97, 75, 190], [97, 75, 188], [66, 219, 235]]",-1.0,-1.0,"[37.149, 37.21, 37.856, 37.853, 37.766]"
2480,76.8.213.231,"[[97, 75, 190], [97, 75, 188], [66, 219, 235]]",-1.0,-1.0,"[36.822, 37.371, 38.355, 37.942, 37.981]"
2481,76.8.213.231,"[[97, 75, 190], [97, 75, 188], [66, 219, 235]]",-1.0,-1.0,"[36.906, 37.126, 38.324, 37.923, 37.899]"
2482,76.8.213.231,"[[97, 75, 190], [97, 75, 188], [66, 219, 235]]",-1.0,-1.0,"[36.559, 37.384, 37.851, 38.886, 39.941]"
2483,76.8.213.231,"[[97, 75, 190], [97, 75, 188], [66, 219, 235]]",-1.0,-1.0,"[36.687, 37.218, 37.928, 37.899, 38.043]"
2484,76.8.213.231,"[[97, 75, 190], [97, 75, 188], [66, 219, 235]]",-1.0,-1.0,"[36.777, 37.236, 38.166, 37.862, 37.839]"
2485,76.8.213.231,"[[97, 75, 190], [97, 75, 188], [66, 219, 235]]",-1.0,-1.0,"[36.996, 37.224, 40.187, 37.98, 37.921]"
2486,76.8.213.231,"[[97, 75, 190], [97, 75, 188], [66, 219, 235]]",-1.0,-1.0,"[40.131, 38.513, 37.894, 38.066, 37.888]"
2487,76.8.213.231,"[[97, 75, 190], [97, 75, 188], [66, 219, 235]]",-1.0,-1.0,"[43.325, 45.284, 43.318, 43.314, 43.31]"
2488,76.8.213.231,"[[97, 75, 190], [97, 75, 188], [66, 219, 235]]",-1.0,-1.0,"[37.136, 37.494, 37.809, 37.995, 37.831]"
2489,76.8.213.231,"[[97, 75, 190], [97, 75, 188], [66, 219, 235]]",-1.0,-1.0,"[36.979, 37.567, 37.96, 37.891, 37.754]"
2490,76.8.213.231,"[[97, 75, 190], [97, 75, 188], [66, 219, 235]]",-1.0,-1.0,"[37.867, 37.3, 38.13, 37.93, 37.818]"
2491,76.8.213.231,"[[97, 75, 190], [97, 75, 188], [66, 219, 235]]",-1.0,-1.0,"[37.592, 37.819, 45.451, 38.001, 37.94]"
2492,76.8.213.231,"[[97, 75, 190], [97, 75, 188], [66, 219, 235]]",-1.0,-1.0,"[37.031, 37.149, 38.017, 37.881, 37.844]"
2493,76.8.213.231,"[[97, 75, 190], [97, 75, 188], [66, 219, 235]]",-1.0,-1.0,"[36.665, 37.342, 37.928, 37.813, 37.81]"
2494,76.8.213.231,"[[97, 75, 190], [97, 75, 188], [66, 219, 235]]",-1.0,-1.0,"[36.68, 37.38, 37.824, 37.798, 37.832]"
2495,76.8.213.231,"[[97, 75, 190], [97, 75, 188], [66, 219, 235]]",-1.0,-1.0,"[36.856, 37.235, 37.907, 37.903, 37.934]"
2496,76.8.213.231,"[[97, 75, 190], [97, 75, 188], [66, 219, 235]]",-1.0,-1.0,"[37.9, 39.003, 37.931, 38.166, 37.865]"
2497,76.8.213.231,"[[97, 75, 190], [97, 75, 188], [66, 219, 235]]",-1.0,-1.0,"[36.89, 37.432, 39.362, 37.861, 37.835]"
2498,76.8.213.231,"[[97, 75, 190], [97, 75, 188], [66, 219, 235]]",-1.0,-1.0,"[36.774, 39.204, 37.926, 40.027, 37.883]"
2499,76.8.213.231,"[[97, 75, 190], [97, 75, 188], [66, 219, 235]]",-1.0,-1.0,"[72.281, 37.231, 46.434, 37.871, 37.868]"
2500,76.8.213.231,"[[97, 75, 190], [97, 75, 188], [66, 219, 235]]",-1.0,-1.0,"[36.704, 37.2, 37.899, 37.871, 37.822]"
2501,76.8.213.231,"[[97, 75, 190], [97, 75, 188], [66, 219, 235]]",-1.0,-1.0,"[36.849, 37.556, 37.94, 37.954, 37.934]"
2502,76.8.213.231,"[[97, 75, 190], [97, 75, 188], [66, 219, 235]]",-1.0,-1.0,"[37.269, 37.512, 37.841, 37.836, 37.845]"
2503,76.8.213.231,"[[97, 75, 190], [97, 75, 188], [66, 219, 235]]",-1.0,-1.0,"[37.019, 38.456, 37.914, 38.372, 37.906]"
2504,76.8.213.231,"[[97, 75, 190], [97, 75, 188], [66, 219, 235]]",-1.0,-1.0,"[36.762, 37.346, 37.984, 37.823, 37.976]"
2505,76.8.213.231,"[[97, 75, 190], [97, 75, 188], [66, 219, 235]]",-1.0,-1.0,"[43.337, 37.402, 38.194, 37.817, 37.838]"
2506,76.8.213.231,"[[97, 75, 190], [97, 75, 188], [66, 219, 235]]",-1.0,-1.0,"[36.727, 37.286, 37.928, 52.38, 37.876]"
2507,76.8.213.231,"[[97, 75, 190], [97, 75, 188], [66, 219, 235]]",-1.0,-1.0,"[37.173, 37.367, 38.067, 37.915, 37.946]"
2508,76.8.213.231,"[[97, 75, 190], [97, 75, 188], [66, 219, 235]]",-1.0,-1.0,"[36.871, 37.485, 38.041, 37.877, 37.813]"
2509,76.8.213.231,"[[97, 75, 190], [97, 75, 188], [66, 219, 235]]",-1.0,-1.0,"[36.738, 37.163, 37.879, 37.828, 37.824]"
2510,76.8.213.231,"[[97, 75, 190], [97, 75, 188], [66, 219, 235]]",-1.0,-1.0,"[37.166, 37.649, 38.037, 37.836, 38.053]"
2511,76.8.213.231,"[[97, 75, 190], [97, 75, 188], [66, 219, 235]]",-1.0,-1.0,"[36.924, 37.353, 37.914, 37.911, 38.059]"
2512,76.8.213.231,"[[97, 75, 190], [97, 75, 188], [66, 219, 235]]",-1.0,-1.0,"[37.158, 38.055, 38.43, 38.31, 38.332]"
2513,76.8.213.231,"[[97, 75, 190], [97, 75, 188], [66, 219, 235]]",-1.0,-1.0,"[37.343, 37.425, 38.05, 37.955, 37.95]"
2514,76.8.213.231,"[[97, 75, 190], [97, 75, 188], [66, 219, 235]]",-1.0,-1.0,"[42.22, 39.194, 37.939, 38.254, 37.881]"
2515,76.8.213.231,"[[97, 75, 190], [97, 75, 188], [66, 219, 235]]",-1.0,-1.0,"[36.595, 37.42, 38.009, 37.824, 37.969]"
2516,76.8.213.231,"[[97, 75, 190], [97, 75, 188], [66, 219, 235]]",-1.0,-1.0,"[37.147, 37.232, 51.007, 37.921, 37.954]"
2517,76.8.213.231,"[[97, 75, 190], [97, 75, 188], [66, 219, 235]]",-1.0,-1.0,"[36.628, 37.251, 38.091, 37.996, 37.877]"
2518,76.8.213.231,"[[97, 75, 190], [97, 75, 188], [66, 219, 235]]",-1.0,-1.0,"[36.7, 37.599, 37.859, 37.79, 37.894]"
2519,76.8.213.231,"[[97, 75, 190], [97, 75, 188], [66, 219, 235]]",-1.0,-1.0,"[36.785, 37.215, 37.933, 37.882, 37.936]"
2520,76.8.213.231,"[[97, 75, 190], [97, 75, 188], [66, 219, 235]]",-1.0,-1.0,"[36.684, 37.455, 37.828, 37.777, 37.903]"
2521,76.8.213.231,"[[97, 75, 190], [97, 75, 188], [66, 219, 235]]",-1.0,-1.0,"[36.686, 37.235, 38.005, 37.888, 37.937]"
2522,76.8.213.231,"[[97, 75, 190], [97, 75, 188], [66, 219, 235]]",-1.0,-1.0,"[49.963, 37.432, 37.818, 37.797, 37.905]"
2523,76.8.213.231,"[[97, 75, 190], [97, 75, 188], [66, 219, 235]]",-1.0,-1.0,"[36.87, 37.454, 39.645, 39.641, 39.638]"
2524,76.8.213.231,"[[97, 75, 190], [97, 75, 188], [66, 219, 235]]",-1.0,-1.0,"[36.75, 37.39, 37.85, 37.799, 37.929]"
2525,76.8.213.231,"[[97, 75, 190], [97, 75, 188], [66, 219, 235]]",-1.0,-1.0,"[37.085, 37.244, 38.086, 37.907, 38.015]"
2526,76.8.213.231,"[[97, 75, 190], [97, 75, 188], [66, 219, 235]]",-1.0,-1.0,"[36.901, 37.237, 37.868, 37.887, 37.86]"
2527,76.8.213.231,"[[97, 75, 190], [97, 75, 188], [66, 219, 235]]",-1.0,-1.0,"[36.701, 37.258, 37.967, 37.918, 37.917]"
2528,76.8.213.231,"[[97, 75, 190], [97, 75, 188], [66, 219, 235]]",-1.0,-1.0,"[36.706, 37.221, 38.035, 37.856, 37.829]"
2529,76.8.213.231,"[[97, 75, 190], [97, 75, 188], [66, 219, 235]]",-1.0,-1.0,"[36.905, 37.171, 37.83, 37.807, 37.89]"
2530,76.8.213.231,"[[97, 75, 190], [97, 75, 188], [66, 219, 235]]",-1.0,-1.0,"[36.733, 37.418, 37.885, 37.829, 37.827]"
2531,76.8.213.231,"[[97, 75, 190], [97, 75, 188], [66, 219, 235]]",-1.0,-1.0,"[36.878, 37.592, 50.435, 37.891, 38.08]"
2532,76.8.213.231,"[[97, 75, 190], [97, 75, 188], [66, 219, 235]]",-1.0,-1.0,"[39.583, 39.579, 39.574, 43.601, 39.565]"
2533,76.8.213.231,"[[97, 75, 190], [97, 75, 188], [66, 219, 235]]",-1.0,-1.0,"[40.119, 40.116, 40.113, 40.11, 40.936]"
2534,76.8.213.231,"[[97, 75, 190], [97, 75, 188], [66, 219, 235]]",-1.0,-1.0,"[36.915, 37.384, 37.895, 37.864, 37.861]"
2535,76.8.213.231,"[[97, 75, 190], [97, 75, 188], [66, 219, 235]]",-1.0,-1.0,"[37.065, 37.301, 37.91, 37.866, 37.88]"
2536,76.8.213.231,"[[97, 75, 190], [97, 75, 188], [66, 219, 235]]",-1.0,-1.0,"[36.729, 37.236, 38.076, 37.908, 37.895]"
2537,76.8.213.231,"[[97, 75, 190], [97, 75, 188], [66, 219, 235]]",-1.0,-1.0,"[36.764, 37.398, 37.913, 37.881, 38.016]"
2538,76.8.213.231,"[[97, 75, 190], [97, 75, 188], [66, 219, 235]]",-1.0,-1.0,"[36.973, 37.978, 42.378, 42.374, 42.372]"
2539,76.8.213.231,"[[97, 75, 190], [97, 75, 188], [66, 219, 235]]",-1.0,-1.0,"[36.909, 37.306, 37.895, 37.894, 37.795]"
2540,76.8.213.231,"[[97, 75, 190], [97, 75, 188], [66, 219, 235]]",-1.0,-1.0,"[36.889, 37.148, 38.396, 37.824, 37.859]"
2541,76.8.213.231,"[[97, 75, 190], [97, 75, 188], [66, 219, 235]]",-1.0,-1.0,"[36.763, 43.013, 38.116, 38.279, 38.158]"
2542,76.8.213.231,"[[97, 75, 190], [97, 75, 188], [66, 219, 235]]",-1.0,-1.0,"[36.944, 37.407, 38.576, 37.863, 37.878]"
2543,76.8.213.231,"[[97, 75, 190], [97, 75, 188], [66, 219, 235]]",-1.0,-1.0,"[37.83, 37.391, 38.141, 37.923, 37.905]"
2544,76.8.213.231,"[[97, 75, 190], [97, 75, 188], [66, 219, 235]]",-1.0,-1.0,"[36.661, 37.323, 38.077, 40.874, 37.888]"
2545,76.8.213.231,"[[97, 75, 190], [97, 75, 188], [66, 219, 235]]",-1.0,-1.0,"[36.823, 37.172, 37.939, 37.936, 37.91]"
2546,76.8.213.231,"[[97, 75, 190], [97, 75, 188], [66, 219, 235]]",-1.0,-1.0,"[37.329, 37.579, 38.078, 37.752, 37.893]"
2547,76.8.213.231,"[[97, 75, 190], [97, 75, 188], [66, 219, 235]]",-1.0,-1.0,"[36.91, 37.408, 38.017, 37.86, 37.887]"
2548,76.8.213.231,"[[97, 75, 190], [97, 75, 188], [66, 219, 235]]",-1.0,-1.0,"[37.792, 37.319, 37.884, 37.814, 37.781]"
2549,76.8.213.231,"[[97, 75, 190], [97, 75, 188], [66, 219, 235]]",-1.0,-1.0,"[36.621, 37.247, 37.896, 37.894, 37.802]"
2550,76.8.213.231,"[[97, 75, 190], [97, 75, 188], [66, 219, 235]]",-1.0,-1.0,"[36.725, 37.354, 38.088, 37.93, 37.982]"
2551,76.8.213.231,"[[97, 75, 190], [97, 75, 188], [66, 219, 235]]",-1.0,-1.0,"[71.386, 37.476, 38.181, 38.073, 38.173]"
2552,76.8.213.231,"[[97, 75, 190], [97, 75, 188], [66, 219, 235]]",-1.0,-1.0,"[36.954, 37.554, 37.951, 37.858, 37.836]"
2553,76.8.213.231,"[[97, 75, 190], [97, 75, 188], [66, 219, 235]]",-1.0,-1.0,"[36.668, 37.277, 38.31, 37.898, 37.769]"
2554,76.8.213.231,"[[97, 75, 190], [97, 75, 188], [66, 219, 235]]",-1.0,-1.0,"[37.626, 37.368, 37.862, 37.79, 37.856]"
2555,76.8.213.231,"[[97, 75, 190], [97, 75, 188], [66, 219, 235]]",-1.0,-1.0,"[36.873, 37.541, 38.075, 37.932, 37.904]"
2556,76.8.213.231,"[[97, 75, 190], [97, 75, 188], [66, 219, 235]]",-1.0,-1.0,"[36.783, 37.343, 37.884, 37.882, 37.865]"
2557,76.8.213.231,"[[97, 75, 190], [97, 75, 188], [66, 219, 235]]",-1.0,-1.0,"[36.978, 37.476, 38.153, 59.951, 38.029]"
2558,76.8.213.231,"[[97, 75, 190], [97, 75, 188], [66, 219, 235]]",-1.0,-1.0,"[37.691, 37.311, 38.035, 38.879, 37.847]"
2559,76.8.213.231,"[[97, 75, 190], [97, 75, 188], [66, 219, 235]]",-1.0,-1.0,"[36.748, 37.303, 37.812, 37.808, 37.838]"
2560,76.8.213.231,"[[97, 75, 190], [97, 75, 188], [66, 219, 235]]",-1.0,-1.0,"[36.672, 37.127, 38.127, 37.819, 37.764]"
2561,76.8.213.231,"[[97, 75, 190], [97, 75, 188], [66, 219, 235]]",-1.0,-1.0,"[36.665, 37.365, 38.089, 37.763, 38.026]"
2562,76.8.213.231,"[[97, 75, 190], [97, 75, 188], [66, 219, 235]]",-1.0,-1.0,"[63.005, 37.236, 38.199, 38.057, 37.93]"
2563,76.8.213.231,"[[97, 75, 190], [97, 75, 188], [66, 219, 235]]",-1.0,-1.0,"[38.149, 37.32, 38.462, 37.885, 37.882]"
2564,76.8.213.231,"[[97, 75, 190], [97, 75, 188], [66, 219, 235]]",-1.0,-1.0,"[53.941, 37.285, 37.809, 37.888, 37.885]"
2565,76.8.213.231,"[[97, 75, 190], [97, 75, 188], [66, 219, 235]]",-1.0,-1.0,"[36.753, 37.427, 37.921, 38.329, 37.88]"
2566,76.8.213.231,"[[97, 75, 190], [97, 75, 188], [66, 219, 235]]",-1.0,-1.0,"[36.846, 37.159, 37.895, 37.89, 37.922]"
2567,76.8.213.231,"[[97, 75, 190], [97, 75, 188], [66, 219, 235]]",-1.0,-1.0,"[37.478, 37.674, 45.972, 38.159, 38.179]"
2568,76.8.213.231,"[[97, 75, 190], [97, 75, 188], [66, 219, 235]]",-1.0,-1.0,"[37.196, 37.221, 38.153, 38.089, 38.028]"
2569,76.8.213.231,"[[97, 75, 190], [97, 75, 188], [66, 219, 235]]",-1.0,-1.0,"[36.661, 37.452, 38.192, 37.821, 37.818]"
2570,76.8.213.231,"[[97, 75, 190], [97, 75, 188], [66, 219, 235]]",-1.0,-1.0,"[36.911, 37.235, 42.718, 37.834, 37.879]"
2571,76.8.213.231,"[[97, 75, 190], [97, 75, 188], [66, 219, 235]]",-1.0,-1.0,"[37.048, 37.376, 37.813, 37.867, 37.836]"
2572,76.8.213.231,"[[97, 75, 190], [97, 75, 188], [66, 219, 235]]",-1.0,-1.0,"[36.853, 38.416, 38.094, 38.032, 37.856]"
2573,76.8.213.231,"[[97, 75, 190], [97, 75, 188], [66, 219, 235]]",-1.0,-1.0,"[36.837, 37.194, 37.913, 38.176, 37.862]"
2574,76.8.213.231,"[[97, 75, 190], [97, 75, 188], [66, 219, 235]]",-1.0,-1.0,"[36.596, 37.162, 38.023, 40.204, 38.018]"
2575,76.8.213.231,"[[97, 75, 190], [97, 75, 188], [66, 219, 235]]",-1.0,-1.0,"[36.778, 37.259, 37.961, 37.852, 37.848]"
2576,76.8.213.231,"[[97, 75, 190], [97, 75, 188], [66, 219, 235]]",-1.0,-1.0,"[36.84, 37.254, 38.217, 38.479, 38.209]"
2577,76.8.213.231,"[[97, 75, 190], [97, 75, 188], [66, 219, 235]]",-1.0,-1.0,"[36.669, 37.182, 37.934, 37.773, 37.822]"
2578,76.8.213.231,"[[97, 75, 190], [97, 75, 188], [66, 219, 235]]",-1.0,-1.0,"[37.208, 37.615, 37.979, 37.734, 37.85]"
2579,76.8.213.231,"[[97, 75, 190], [97, 75, 188], [66, 219, 235]]",-1.0,-1.0,"[36.693, 37.215, 38.002, 72.709, 37.849]"
2580,76.8.213.231,"[[97, 75, 190], [97, 75, 188], [66, 219, 235]]",-1.0,-1.0,"[39.666, 39.241, 39.881, 44.358, 40.395]"
2581,76.8.213.231,"[[97, 75, 190], [97, 75, 188], [66, 219, 235]]",-1.0,-1.0,"[37.236, 37.389, 37.827, 37.795, 37.769]"
2582,76.8.213.231,"[[97, 75, 190], [97, 75, 188], [66, 219, 235]]",-1.0,-1.0,"[41.153, 41.538, 41.955, 42.229, 42.043]"
2583,76.8.213.231,"[[97, 75, 190], [97, 75, 188], [66, 219, 235]]",-1.0,-1.0,"[36.814, 37.663, 40.319, 37.863, 37.86]"
2584,76.8.213.231,"[[97, 75, 190], [97, 75, 188], [66, 219, 235]]",-1.0,-1.0,"[36.968, 37.227, 37.99, 37.986, 37.817]"
2585,76.8.213.231,"[[97, 75, 190], [97, 75, 188], [66, 219, 235]]",-1.0,-1.0,"[36.755, 37.368, 38.995, 37.936, 37.934]"
2586,76.8.213.231,"[[97, 75, 190], [97, 75, 188], [66, 219, 235]]",-1.0,-1.0,"[36.653, 53.149, 37.903, 38.214, 37.846]"
2587,76.8.213.231,"[[97, 75, 190], [97, 75, 188], [66, 219, 235]]",-1.0,-1.0,"[36.784, 60.146, 37.904, 38.085, 37.933]"
2588,76.8.213.231,"[[97, 75, 190], [97, 75, 188], [66, 219, 235]]",-1.0,-1.0,"[36.646, 37.391, 37.99, 37.766, 37.659]"
2589,76.8.213.231,"[[97, 75, 190], [97, 75, 188], [66, 219, 235]]",-1.0,-1.0,"[36.734, 37.242, 37.76, 44.612, 38.039]"
2590,76.8.213.231,"[[97, 75, 190], [97, 75, 188], [66, 219, 235]]",-1.0,-1.0,"[37.088, 37.19, 37.824, 40.978, 37.816]"
2591,76.8.213.231,"[[97, 75, 190], [97, 75, 188], [66, 219, 235]]",-1.0,-1.0,"[36.657, 40.047, 37.783, 38.087, 37.948]"
2592,76.8.213.231,"[[97, 75, 190], [97, 75, 188], [66, 219, 235]]",-1.0,-1.0,"[36.86, 37.365, 37.838, 37.735, 37.831]"
2593,76.8.213.231,"[[97, 75, 190], [97, 75, 188], [66, 219, 235]]",-1.0,-1.0,"[36.548, 37.195, 38.028, 37.762, 37.904]"
2594,76.8.213.231,"[[97, 75, 190], [97, 75, 188], [66, 219, 235]]",-1.0,-1.0,"[37.069, 37.278, 37.825, 38.611, 37.817]"
2595,76.8.213.231,"[[97, 75, 190], [97, 75, 188], [66, 219, 235]]",-1.0,-1.0,"[36.65, 37.152, 38.045, 39.357, 37.941]"
2596,76.8.213.231,"[[97, 75, 190], [97, 75, 188], [66, 219, 235]]",-1.0,-1.0,"[36.802, 37.191, 44.738, 37.877, 37.931]"
2597,76.8.213.231,"[[97, 75, 190], [97, 75, 188], [66, 219, 235]]",-1.0,-1.0,"[36.778, 38.265, 38.053, 38.149, 37.928]"
2598,76.8.213.231,"[[97, 75, 190], [97, 75, 188], [66, 219, 235]]",-1.0,-1.0,"[36.59, 37.246, 38.068, 37.832, 37.829]"
2599,76.8.213.231,"[[97, 75, 190], [97, 75, 188], [66, 219, 235]]",-1.0,-1.0,"[37.12, 37.566, 37.911, 37.77, 37.905]"
2600,76.8.213.231,"[[97, 75, 190], [97, 75, 188], [66, 219, 235]]",-1.0,-1.0,"[36.832, 37.269, 37.94, 45.02, 37.859]"
2601,76.8.213.231,"[[97, 75, 190], [97, 75, 188], [66, 219, 235]]",-1.0,-1.0,"[36.991, 37.494, 37.825, 37.79, 37.842]"
2602,76.8.213.231,"[[97, 75, 190], [97, 75, 188], [66, 219, 235]]",-1.0,-1.0,"[36.814, 37.252, 37.997, 37.891, 37.887]"
2603,76.8.213.231,"[[97, 75, 190], [97, 75, 188], [66, 219, 235]]",-1.0,-1.0,"[39.788, 38.78, 38.776, 38.772, 38.768]"
2604,76.8.213.231,"[[97, 75, 190], [97, 75, 188], [66, 219, 235]]",-1.0,-1.0,"[36.751, 37.352, 37.867, 37.786, 38.027]"
2605,76.8.213.231,"[[97, 75, 190], [97, 75, 188], [66, 219, 235]]",-1.0,-1.0,"[37.211, 37.501, 39.012, 46.026, 37.852]"
2606,76.8.213.231,"[[97, 75, 190], [97, 75, 188], [66, 219, 235]]",-1.0,-1.0,"[36.947, 37.245, 37.738, 37.734, 37.815]"
2607,76.8.213.231,"[[97, 75, 190], [97, 75, 188], [66, 219, 235]]",-1.0,-1.0,"[37.249, 38.427, 37.857, 46.216, 37.909]"
2608,76.8.213.231,"[[97, 75, 190], [97, 75, 188], [66, 219, 235]]",-1.0,-1.0,"[36.564, 37.304, 37.816, 37.796, 37.846]"
2609,76.8.213.231,"[[97, 75, 190], [97, 75, 188], [66, 219, 235]]",-1.0,-1.0,"[36.657, 37.243, 37.846, 37.673, 37.882]"
2610,76.8.213.231,"[[97, 75, 190], [97, 75, 188], [66, 219, 235]]",-1.0,-1.0,"[57.54, 38.384, 37.803, 38.146, 38.002]"
2611,76.8.213.231,"[[97, 75, 190], [97, 75, 188], [66, 219, 235]]",-1.0,-1.0,"[37.248, 37.215, 37.825, 37.822, 37.851]"
2612,76.8.213.231,"[[97, 75, 190], [97, 75, 188], [66, 219, 235]]",-1.0,-1.0,"[73.833, 37.221, 37.849, 38.905, 37.9]"
2613,76.8.213.231,"[[97, 75, 190], [97, 75, 188], [66, 219, 235]]",-1.0,-1.0,"[37.01, 37.168, 37.726, 37.751, 37.827]"
2614,76.8.213.231,"[[97, 75, 190], [97, 75, 188], [66, 219, 235]]",-1.0,-1.0,"[36.872, 40.351, 37.857, 38.118, 38.046]"
2615,76.8.213.231,"[[97, 75, 190], [97, 75, 188], [66, 219, 235]]",-1.0,-1.0,"[36.619, 40.174, 37.795, 39.949, 37.806]"
2616,76.8.213.231,"[[97, 75, 190], [97, 75, 188], [66, 219, 235]]",-1.0,-1.0,"[36.923, 37.325, 37.991, 37.988, 37.984]"
2617,76.8.213.231,"[[97, 75, 190], [97, 75, 188], [66, 219, 235]]",-1.0,-1.0,"[37.416, 39.146, 37.821, 38.02, 37.902]"
2618,76.8.213.231,"[[97, 75, 190], [97, 75, 188], [66, 219, 235]]",-1.0,-1.0,"[36.613, 37.166, 37.835, 37.791, 37.829]"
2619,76.8.213.231,"[[97, 75, 190], [97, 75, 188], [66, 219, 235]]",-1.0,-1.0,"[37.02, 37.313, 37.955, 37.839, 37.949]"
2620,76.8.213.231,"[[97, 75, 190], [97, 75, 188], [66, 219, 235]]",-1.0,-1.0,"[36.808, 37.24, 38.337, 37.783, 38.038]"
2621,76.8.213.231,"[[97, 75, 190], [97, 75, 188], [66, 219, 235]]",-1.0,-1.0,"[36.853, 37.269, 46.071, 37.876, 37.872]"
2622,76.8.213.231,"[[97, 75, 190], [97, 75, 188], [66, 219, 235]]",-1.0,-1.0,"[36.576, 37.414, 42.723, 37.707, 37.792]"
2623,76.8.213.231,"[[97, 75, 190], [97, 75, 188], [66, 219, 235]]",-1.0,-1.0,"[36.85, 37.081, 37.955, 37.797, 37.95]"
2624,76.8.213.231,"[[97, 75, 190], [97, 75, 188], [66, 219, 235]]",-1.0,-1.0,"[37.194, 37.607, 38.053, 38.045, 38.041]"
2625,76.8.213.231,"[[97, 75, 190], [97, 75, 188], [66, 219, 235]]",-1.0,-1.0,"[36.59, 37.664, 37.845, 37.732, 37.836]"
2626,76.8.213.231,"[[97, 75, 190], [97, 75, 188], [66, 219, 235]]",-1.0,-1.0,"[36.886, 37.422, 37.866, 41.288, 37.857]"
2627,76.8.213.231,"[[97, 75, 190], [97, 75, 188], [66, 219, 235]]",-1.0,-1.0,"[37.084, 37.35, 37.963, 38.296, 37.957]"
2628,76.8.213.231,"[[97, 75, 190], [97, 75, 188], [66, 219, 235]]",-1.0,-1.0,"[36.555, 37.142, 37.974, 37.816, 37.813]"
2629,76.8.213.231,"[[97, 75, 190], [97, 75, 188], [66, 219, 235]]",-1.0,-1.0,"[36.69, 37.322, 37.984, 37.83, 38.002]"
2630,76.8.213.231,"[[97, 75, 190], [97, 75, 188], [66, 219, 235]]",-1.0,-1.0,"[37.292, 37.358, 37.797, 37.793, 37.95]"
2631,76.8.213.231,"[[97, 75, 190], [97, 75, 188], [66, 219, 235]]",-1.0,-1.0,"[36.96, 37.221, 37.841, 37.837, 37.832]"
2632,76.8.213.231,"[[97, 75, 190], [97, 75, 188], [66, 219, 235]]",-1.0,-1.0,"[36.935, 37.593, 37.769, 37.75, 37.962]"
2633,76.8.213.231,"[[97, 75, 190], [97, 75, 188], [66, 219, 235]]",-1.0,-1.0,"[37.188, 37.185, 37.845, 37.841, 38.033]"
2634,76.8.213.231,"[[97, 75, 190], [97, 75, 188], [66, 219, 235]]",-1.0,-1.0,"[37.376, 37.44, 41.095, 37.805, 37.976]"
2635,76.8.213.231,"[[97, 75, 190], [97, 75, 188], [66, 219, 235]]",-1.0,-1.0,"[36.569, 46.279, 37.878, 38.212, 38.208]"
2636,76.8.213.231,"[[97, 75, 190], [97, 75, 188], [66, 219, 235]]",-1.0,-1.0,"[36.875, 37.351, 37.793, 37.789, 37.966]"
2637,76.8.213.231,"[[97, 75, 190], [97, 75, 188], [66, 219, 235]]",-1.0,-1.0,"[47.218, 37.737, 38.69, 38.152, 38.265]"
2638,76.8.213.231,"[[97, 75, 190], [97, 75, 188], [66, 219, 235]]",-1.0,-1.0,"[36.664, 37.345, 38.249, 37.885, 37.948]"
2639,76.8.213.231,"[[97, 75, 190], [97, 75, 188], [66, 219, 235]]",-1.0,-1.0,"[36.619, 37.388, 38.339, 37.86, 37.99]"
2640,76.8.213.231,"[[97, 75, 190], [97, 75, 188], [66, 219, 235]]",-1.0,-1.0,"[36.565, 37.29, 37.795, 37.824, 37.846]"
2641,76.8.213.231,"[[97, 75, 190], [97, 75, 188], [66, 219, 235]]",-1.0,-1.0,"[36.599, 37.262, 37.865, 37.856, 38.291]"
2642,76.8.213.231,"[[97, 75, 190], [97, 75, 188], [66, 219, 235]]",-1.0,-1.0,"[37.203, 37.387, 37.901, 37.852, 38.008]"
2643,76.8.213.231,"[[97, 75, 190], [97, 75, 188], [66, 219, 235]]",-1.0,-1.0,"[37.116, 37.337, 38.007, 37.825, 38.047]"
2644,76.8.213.231,"[[97, 75, 190], [97, 75, 188], [66, 219, 235]]",-1.0,-1.0,"[36.629, 39.52, 37.922, 38.117, 37.983]"
2645,76.8.213.231,"[[97, 75, 190], [97, 75, 188], [66, 219, 235]]",-1.0,-1.0,"[36.794, 37.382, 37.795, 42.518, 37.827]"
2646,76.8.213.231,"[[97, 75, 190], [97, 75, 188], [66, 219, 235]]",-1.0,-1.0,"[36.515, 37.246, 37.897, 37.792, 38.012]"
2647,76.8.213.231,"[[97, 75, 190], [97, 75, 188], [66, 219, 235]]",-1.0,-1.0,"[37.129, 37.308, 37.91, 37.817, 37.837]"
2648,76.8.213.231,"[[97, 75, 190], [97, 75, 188], [66, 219, 235]]",-1.0,-1.0,"[37.502, 37.322, 37.852, 37.738, 37.801]"
2649,76.8.213.231,"[[97, 75, 190], [97, 75, 188], [66, 219, 235]]",-1.0,-1.0,"[36.57, 37.663, 37.927, 37.83, 37.883]"
2650,76.8.213.231,"[[97, 75, 190], [97, 75, 188], [66, 219, 235]]",-1.0,-1.0,"[37.749, 37.91, 38.633, 38.259, 38.373]"
2651,76.8.213.231,"[[97, 75, 190], [97, 75, 188], [66, 219, 235]]",-1.0,-1.0,"[36.683, 37.437, 38.028, 37.82, 37.931]"
2652,76.8.213.231,"[[97, 75, 190], [97, 75, 188], [66, 219, 235]]",-1.0,-1.0,"[36.863, 37.246, 37.841, 37.799, 37.989]"
2653,76.8.213.231,"[[97, 75, 190], [97, 75, 188], [66, 219, 235]]",-1.0,-1.0,"[37.209, 47.459, 38.436, 39.885, 38.428]"
2654,76.8.213.231,"[[97, 75, 190], [97, 75, 188], [66, 219, 235]]",-1.0,-1.0,"[36.688, 37.312, 37.785, 37.772, 37.895]"
2655,76.8.213.231,"[[97, 75, 190], [97, 75, 188], [66, 219, 235]]",-1.0,-1.0,"[36.593, 37.444, 37.806, 37.789, 37.845]"
2656,76.8.213.231,"[[97, 75, 190], [97, 75, 188], [66, 219, 235]]",-1.0,-1.0,"[37.231, 38.367, 38.309, 39.029, 38.209]"
2657,76.8.213.231,"[[97, 75, 190], [97, 75, 188], [66, 219, 235]]",-1.0,-1.0,"[36.583, 38.138, 37.948, 38.111, 37.938]"
2658,76.8.213.231,"[[97, 75, 190], [97, 75, 188], [66, 219, 235]]",-1.0,-1.0,"[49.118, 43.376, 39.011, 37.991, 37.828]"
2659,76.8.213.231,"[[97, 75, 190], [97, 75, 188], [66, 219, 235]]",-1.0,-1.0,"[36.913, 37.568, 38.007, 37.747, 37.874]"
2660,76.8.213.231,"[[97, 75, 190], [97, 75, 188], [66, 219, 235]]",-1.0,-1.0,"[36.989, 37.273, 37.878, 38.861, 37.871]"
2661,76.8.213.231,"[[97, 75, 190], [97, 75, 188], [66, 219, 235]]",-1.0,-1.0,"[36.964, 37.126, 37.834, 37.828, 37.823]"
2662,76.8.213.231,"[[97, 75, 190], [97, 75, 188], [66, 219, 235]]",-1.0,-1.0,"[72.543, 37.237, 37.915, 41.87, 38.112]"
2663,76.8.213.231,"[[97, 75, 190], [97, 75, 188], [66, 219, 235]]",-1.0,-1.0,"[36.825, 37.257, 37.758, 37.804, 37.809]"
2664,76.8.213.231,"[[97, 75, 190], [97, 75, 188], [66, 219, 235]]",-1.0,-1.0,"[36.886, 37.15, 37.718, 37.746, 37.751]"
2665,76.8.213.231,"[[97, 75, 190], [97, 75, 188], [66, 219, 235]]",-1.0,-1.0,"[36.66, 37.381, 37.825, 37.88, 37.819]"
2666,76.8.213.231,"[[97, 75, 190], [97, 75, 188], [66, 219, 235]]",-1.0,-1.0,"[36.705, 37.17, 37.855, 37.827, 37.85]"
2667,76.8.213.231,"[[97, 75, 190], [97, 75, 188], [66, 219, 235]]",-1.0,-1.0,"[36.721, 37.18, 37.712, 37.768, 37.73]"
2668,76.8.213.231,"[[97, 75, 190], [97, 75, 188], [66, 219, 235]]",-1.0,-1.0,"[39.041, 39.037, 39.033, 41.846, 41.182]"
2669,76.8.213.231,"[[97, 75, 190], [97, 75, 188], [66, 219, 235]]",-1.0,-1.0,"[37.368, 37.694, 38.164, 39.549, 37.991]"
2670,76.8.213.231,"[[97, 75, 190], [97, 75, 188], [66, 219, 235]]",-1.0,-1.0,"[36.852, 37.448, 37.934, 37.833, 37.929]"
2671,76.8.213.231,"[[97, 75, 190], [97, 75, 188], [66, 219, 235]]",-1.0,-1.0,"[38.148, 37.42, 37.766, 44.506, 37.872]"
2672,76.8.213.231,"[[97, 75, 190], [97, 75, 188], [66, 219, 235]]",-1.0,-1.0,"[36.693, 37.652, 38.101, 37.822, 37.833]"
2673,76.8.213.231,"[[97, 75, 190], [97, 75, 188], [66, 219, 235]]",-1.0,-1.0,"[48.277, 37.412, 38.011, 37.755, 37.828]"
2674,76.8.213.231,"[[97, 75, 190], [97, 75, 188], [66, 219, 235]]",-1.0,-1.0,"[37.142, 37.216, 37.859, 38.887, 37.891]"
2675,76.8.213.231,"[[97, 75, 190], [97, 75, 188], [66, 219, 235]]",-1.0,-1.0,"[36.758, 37.238, 37.892, 37.828, 37.825]"
2676,76.8.213.231,"[[97, 75, 190], [97, 75, 188], [66, 219, 235]]",-1.0,-1.0,"[37.039, 37.214, 37.807, 39.346, 37.902]"
2677,76.8.213.231,"[[97, 75, 190], [97, 75, 188], [66, 219, 235]]",-1.0,-1.0,"[36.614, 38.463, 40.379, 38.278, 38.123]"
2678,76.8.213.231,"[[97, 75, 190], [97, 75, 188], [66, 219, 235]]",-1.0,-1.0,"[37.281, 37.331, 37.928, 37.848, 37.989]"
2679,76.8.213.231,"[[97, 75, 190], [97, 75, 188], [66, 219, 235]]",-1.0,-1.0,"[36.802, 37.212, 37.863, 38.114, 37.855]"
2680,76.8.213.231,"[[97, 75, 190], [97, 75, 188], [66, 219, 235]]",-1.0,-1.0,"[38.075, 38.546, 39.267, 39.126, 39.309]"
2681,76.8.213.231,"[[97, 75, 190], [97, 75, 188], [66, 219, 235]]",-1.0,-1.0,"[36.892, 37.236, 37.923, 37.919, 37.975]"
2682,76.8.213.231,"[[97, 75, 190], [97, 75, 188], [66, 219, 235]]",-1.0,-1.0,"[36.587, 37.159, 37.909, 37.809, 37.804]"
2683,76.8.213.231,"[[97, 75, 190], [97, 75, 188], [66, 219, 235]]",-1.0,-1.0,"[39.172, 39.116, 40.819, 40.816, 40.809]"
2684,76.8.213.231,"[[97, 75, 190], [97, 75, 188], [66, 219, 235]]",-1.0,-1.0,"[36.643, 39.845, 37.848, 38.361, 38.008]"
2685,76.8.213.231,"[[97, 75, 190], [97, 75, 188], [66, 219, 235]]",-1.0,-1.0,"[36.969, 37.752, 37.868, 37.851, 38.038]"
2686,76.8.213.231,"[[97, 75, 190], [97, 75, 188], [66, 219, 235]]",-1.0,-1.0,"[36.693, 37.332, 38.032, 37.743, 38.023]"
2687,76.8.213.231,"[[97, 75, 190], [97, 75, 188], [66, 219, 235]]",-1.0,-1.0,"[37.281, 37.346, 37.853, 37.851, 37.914]"
2688,76.8.213.231,"[[97, 75, 190], [97, 75, 188], [66, 219, 235]]",-1.0,-1.0,"[37.078, 37.27, 38.003, 37.836, 37.898]"
2689,76.8.213.231,"[[97, 75, 190], [97, 75, 188], [66, 219, 235]]",-1.0,-1.0,"[40.277, 40.276, 40.265, 40.256, 40.252]"
2690,76.8.213.231,"[[97, 75, 190], [97, 75, 188], [66, 219, 235]]",-1.0,-1.0,"[36.552, 37.339, 37.766, 38.7, 37.928]"
2691,76.8.213.231,"[[97, 75, 190], [97, 75, 188], [66, 219, 235]]",-1.0,-1.0,"[37.069, 40.444, 37.921, 38.43, 38.427]"
2692,76.8.213.231,"[[97, 75, 190], [97, 75, 188], [66, 219, 235]]",-1.0,-1.0,"[36.589, 37.615, 37.833, 37.828, 37.882]"
2693,76.8.213.231,"[[97, 75, 190], [97, 75, 188], [66, 219, 235]]",-1.0,-1.0,"[37.166, 37.748, 37.738, 37.763, 37.797]"
2694,76.8.213.231,"[[97, 75, 190], [97, 75, 188], [66, 219, 235]]",-1.0,-1.0,"[36.719, 37.548, 37.927, 37.842, 37.874]"
2695,76.8.213.231,"[[97, 75, 190], [97, 75, 188], [66, 219, 235]]",-1.0,-1.0,"[36.815, 37.471, 38.017, 39.395, 37.988]"
2696,76.8.213.231,"[[97, 75, 190], [97, 75, 188], [66, 219, 235]]",-1.0,-1.0,"[36.721, 37.248, 37.763, 37.76, 37.92]"
2697,76.8.213.231,"[[97, 75, 190], [97, 75, 188], [66, 219, 235]]",-1.0,-1.0,"[36.605, 37.507, 37.986, 37.711, 37.719]"
2698,76.8.213.231,"[[97, 75, 190], [97, 75, 188], [66, 219, 235]]",-1.0,-1.0,"[36.514, 37.202, 45.623, 37.899, 37.766]"
2699,76.8.213.231,"[[97, 75, 190], [97, 75, 188], [66, 219, 235]]",-1.0,-1.0,"[36.813, 37.131, 38.081, 38.215, 37.899]"
2700,76.8.213.231,"[[97, 75, 190], [97, 75, 188], [66, 219, 235]]",-1.0,-1.0,"[36.803, 37.381, 37.802, 37.799, 37.891]"
2701,76.8.213.231,"[[97, 75, 190], [97, 75, 188], [66, 219, 235]]",-1.0,-1.0,"[36.722, 37.178, 37.874, 37.869, 38.029]"
2702,76.8.213.231,"[[97, 75, 190], [97, 75, 188], [66, 219, 235]]",-1.0,-1.0,"[36.857, 37.14, 37.764, 37.76, 37.835]"
2703,76.8.213.231,"[[97, 75, 190], [97, 75, 188], [66, 219, 235]]",-1.0,-1.0,"[36.683, 37.414, 38.146, 37.876, 37.987]"
2704,76.8.213.231,"[[97, 75, 190], [97, 75, 188], [66, 219, 235]]",-1.0,-1.0,"[36.745, 37.46, 38.148, 37.876, 37.967]"
2705,76.8.213.231,"[[97, 75, 190], [97, 75, 188], [66, 219, 235]]",-1.0,-1.0,"[36.761, 64.939, 37.801, 38.032, 37.927]"
2706,76.8.213.231,"[[97, 75, 190], [97, 75, 188], [66, 219, 235]]",-1.0,-1.0,"[36.584, 37.233, 37.94, 37.866, 37.862]"
2707,76.8.213.231,"[[97, 75, 190], [97, 75, 188], [66, 219, 235]]",-1.0,-1.0,"[37.425, 37.443, 37.84, 37.818, 37.813]"
2708,76.8.213.231,"[[97, 75, 190], [97, 75, 188], [66, 219, 235]]",-1.0,-1.0,"[37.06, 37.341, 38.048, 37.889, 37.913]"
2709,76.8.213.231,"[[97, 75, 190], [97, 75, 188], [66, 219, 235]]",-1.0,-1.0,"[36.742, 37.269, 37.822, 37.812, 38.044]"
2710,76.8.213.231,"[[97, 75, 190], [97, 75, 188], [66, 219, 235]]",-1.0,-1.0,"[36.969, 37.172, 37.833, 37.763, 38.302]"
2711,76.8.213.231,"[[97, 75, 190], [97, 75, 188], [66, 219, 235]]",-1.0,-1.0,"[36.714, 38.659, 37.951, 38.21, 37.939]"
2712,76.8.213.231,"[[97, 75, 190], [97, 75, 188], [66, 219, 235]]",-1.0,-1.0,"[37.224, 37.279, 37.919, 37.698, 37.805]"
2713,76.8.213.231,"[[97, 75, 190], [97, 75, 188], [66, 219, 235]]",-1.0,-1.0,"[37.075, 37.27, 55.594, 41.466, 37.849]"
2714,76.8.213.231,"[[97, 75, 190], [97, 75, 188], [66, 219, 235]]",-1.0,-1.0,"[36.672, 37.226, 37.851, 37.848, 37.901]"
2715,76.8.213.231,"[[97, 75, 190], [97, 75, 188], [66, 219, 235]]",-1.0,-1.0,"[36.631, 37.197, 37.991, 38.468, 37.979]"
2716,76.8.213.231,"[[97, 75, 190], [97, 75, 188], [66, 219, 235]]",-1.0,-1.0,"[36.684, 39.005, 37.886, 38.803, 37.897]"
2717,76.8.213.231,"[[97, 75, 190], [97, 75, 188], [66, 219, 235]]",-1.0,-1.0,"[37.087, 37.214, 37.927, 37.751, 38.067]"
2718,76.8.213.231,"[[97, 75, 190], [97, 75, 188], [66, 219, 235]]",-1.0,-1.0,"[36.878, 37.361, 38.02, 38.214, 38.008]"
2719,76.8.213.231,"[[97, 75, 190], [97, 75, 188], [66, 219, 235]]",-1.0,-1.0,"[36.663, 37.338, 37.975, 37.854, 37.864]"
2720,76.8.213.231,"[[97, 75, 190], [97, 75, 188], [66, 219, 235]]",-1.0,-1.0,"[36.752, 37.415, 38.43, 37.849, 37.846]"
2721,76.8.213.231,"[[97, 75, 190], [97, 75, 188], [66, 219, 235]]",-1.0,-1.0,"[36.848, 37.26, 37.813, 37.81, 37.961]"
2722,76.8.213.231,"[[97, 75, 190], [97, 75, 188], [66, 219, 235]]",-1.0,-1.0,"[38.047, 37.356, 38.034, 37.803, 38.025]"
2723,76.8.213.231,"[[97, 75, 190], [97, 75, 188], [66, 219, 235]]",-1.0,-1.0,"[36.73, 37.579, 37.899, 37.892, 38.02]"
2724,76.8.213.231,"[[97, 75, 190], [97, 75, 188], [66, 219, 235]]",-1.0,-1.0,"[37.264, 38.798, 38.125, 38.166, 37.845]"
2725,76.8.213.231,"[[97, 75, 190], [97, 75, 188], [66, 219, 235]]",-1.0,-1.0,"[36.714, 37.387, 38.022, 38.386, 38.0]"
2726,76.8.213.231,"[[97, 75, 190], [97, 75, 188], [66, 219, 235]]",-1.0,-1.0,"[36.647, 37.229, 37.894, 37.891, 37.888]"
2727,76.8.213.231,"[[97, 75, 190], [97, 75, 188], [66, 219, 235]]",-1.0,-1.0,"[37.147, 37.561, 38.581, 37.79, 38.062]"
2728,76.8.213.231,"[[97, 75, 190], [97, 75, 188], [66, 219, 235]]",-1.0,-1.0,"[36.926, 37.663, 37.828, 37.847, 37.911]"
2729,76.8.213.231,"[[97, 75, 190], [97, 75, 188], [66, 219, 235]]",-1.0,-1.0,"[36.827, 37.17, 46.624, 37.714, 37.856]"
2730,76.8.213.231,"[[97, 75, 190], [97, 75, 188], [66, 219, 235]]",-1.0,-1.0,"[36.718, 37.333, 37.806, 37.778, 37.965]"
2731,76.8.213.231,"[[97, 75, 190], [97, 75, 188], [66, 219, 235]]",-1.0,-1.0,"[36.787, 37.186, 37.719, 37.784, 37.77]"
2732,76.8.213.231,"[[97, 75, 190], [97, 75, 188], [66, 219, 235]]",-1.0,-1.0,"[36.78, 37.24, 37.839, 37.832, 37.826]"
2733,76.8.213.231,"[[97, 75, 190], [97, 75, 188], [66, 219, 235]]",-1.0,-1.0,"[36.609, 37.231, 37.927, 37.83, 37.968]"
2734,76.8.213.231,"[[97, 75, 190], [97, 75, 188], [66, 219, 235]]",-1.0,-1.0,"[36.697, 37.277, 37.983, 37.97, 37.96]"
2735,76.8.213.231,"[[97, 75, 190], [97, 75, 188], [66, 219, 235]]",-1.0,-1.0,"[40.021, 48.154, 40.014, 40.01, 40.007]"
2736,76.8.213.231,"[[97, 75, 190], [97, 75, 188], [66, 219, 235]]",-1.0,-1.0,"[36.73, 37.281, 37.793, 37.789, 37.87]"
2737,76.8.213.231,"[[97, 75, 190], [97, 75, 188], [66, 219, 235]]",-1.0,-1.0,"[36.958, 37.129, 50.148, 37.813, 37.859]"
2738,76.8.213.231,"[[97, 75, 190], [97, 75, 188], [66, 219, 235]]",-1.0,-1.0,"[36.797, 37.409, 37.811, 37.806, 37.9]"
2739,76.8.213.231,"[[97, 75, 190], [97, 75, 188], [66, 219, 235]]",-1.0,-1.0,"[36.808, 46.425, 37.83, 38.385, 38.38]"
2740,76.8.213.231,"[[97, 75, 190], [97, 75, 188], [66, 219, 235]]",-1.0,-1.0,"[52.36, 38.018, 38.997, 41.988, 37.934]"
2741,76.8.213.231,"[[97, 75, 190], [97, 75, 188], [66, 219, 235]]",-1.0,-1.0,"[36.856, 37.282, 37.804, 37.765, 37.832]"
2742,76.8.213.231,"[[97, 75, 190], [97, 75, 188], [66, 219, 235]]",-1.0,-1.0,"[36.651, 37.177, 37.928, 37.756, 37.895]"
2743,76.8.213.231,"[[97, 75, 190], [97, 75, 188], [66, 219, 235]]",-1.0,-1.0,"[36.701, 37.228, 38.008, 37.863, 37.908]"
2744,76.8.213.231,"[[97, 75, 190], [97, 75, 188], [66, 219, 235]]",-1.0,-1.0,"[36.717, 37.269, 37.933, 37.79, 37.927]"
2745,76.8.213.231,"[[97, 75, 190], [97, 75, 188], [66, 219, 235]]",-1.0,-1.0,"[36.882, 37.293, 37.842, 37.758, 37.879]"
2746,76.8.213.231,"[[97, 75, 190], [97, 75, 188], [66, 219, 235]]",-1.0,-1.0,"[36.711, 37.657, 37.833, 38.921, 37.965]"
2747,76.8.213.231,"[[97, 75, 190], [97, 75, 188], [66, 219, 235]]",-1.0,-1.0,"[36.63, 37.342, 37.803, 37.771, 38.074]"
2748,76.8.213.231,"[[97, 75, 190], [97, 75, 188], [66, 219, 235]]",-1.0,-1.0,"[36.774, 37.208, 40.956, 37.862, 37.858]"
2749,76.8.213.231,"[[97, 75, 190], [97, 75, 188], [66, 219, 235]]",-1.0,-1.0,"[36.807, 37.136, 37.873, 37.794, 37.866]"
2750,76.8.213.231,"[[97, 75, 190], [97, 75, 188], [66, 219, 235]]",-1.0,-1.0,"[36.724, 37.112, 37.818, 37.815, 38.021]"
2751,76.8.213.231,"[[97, 75, 190], [97, 75, 188], [66, 219, 235]]",-1.0,-1.0,"[36.733, 39.831, 77.064, 38.178, 38.134]"
2752,76.8.213.231,"[[97, 75, 190], [97, 75, 188], [66, 219, 235]]",-1.0,-1.0,"[36.716, 37.196, 37.722, 37.72, 38.191]"
2753,76.8.213.231,"[[97, 75, 190], [97, 75, 188], [66, 219, 235]]",-1.0,-1.0,"[45.67, 38.126, 38.26, 38.118, 37.822]"
2754,76.8.213.231,"[[97, 75, 190], [97, 75, 188], [66, 219, 235]]",-1.0,-1.0,"[36.663, 37.711, 37.944, 37.802, 37.935]"
2755,76.8.213.231,"[[97, 75, 190], [97, 75, 188], [66, 219, 235]]",-1.0,-1.0,"[36.796, 37.343, 37.82, 37.749, 37.781]"
2756,76.8.213.231,"[[97, 75, 190], [97, 75, 188], [66, 219, 235]]",-1.0,-1.0,"[37.21, 37.319, 38.121, 37.783, 38.097]"
2757,76.8.213.231,"[[97, 75, 190], [97, 75, 188], [66, 219, 235]]",-1.0,-1.0,"[36.652, 37.37, 37.79, 37.787, 37.812]"
2758,76.8.213.231,"[[97, 75, 190], [97, 75, 188], [66, 219, 235]]",-1.0,-1.0,"[36.657, 37.216, 41.238, 37.806, 37.96]"
2759,76.8.213.231,"[[97, 75, 190], [97, 75, 188], [66, 219, 235]]",-1.0,-1.0,"[36.921, 37.369, 37.827, 37.821, 37.901]"
2760,76.8.213.231,"[[97, 75, 190], [97, 75, 188], [66, 219, 235]]",-1.0,-1.0,"[36.629, 38.422, 37.899, 38.649, 37.888]"
2761,76.8.213.231,"[[97, 75, 190], [97, 75, 188], [66, 219, 235]]",-1.0,-1.0,"[36.697, 37.19, 38.829, 37.783, 37.802]"
2762,76.8.213.231,"[[97, 75, 190], [97, 75, 188], [66, 219, 235]]",-1.0,-1.0,"[36.635, 37.144, 37.746, 38.061, 37.787]"
2763,76.8.213.231,"[[97, 75, 190], [97, 75, 188], [66, 219, 235]]",-1.0,-1.0,"[36.703, 37.171, 49.166, 37.768, 37.956]"
2764,76.8.213.231,"[[97, 75, 190], [97, 75, 188], [66, 219, 235]]",-1.0,-1.0,"[36.621, 38.114, 38.111, 38.102, 37.917]"
2765,76.8.213.231,"[[97, 75, 190], [97, 75, 188], [66, 219, 235]]",-1.0,-1.0,"[36.678, 40.899, 38.1, 38.125, 38.084]"
2766,76.8.213.231,"[[97, 75, 190], [97, 75, 188], [66, 219, 235]]",-1.0,-1.0,"[37.007, 37.47, 37.849, 37.846, 37.912]"
2767,76.8.213.231,"[[97, 75, 190], [97, 75, 188], [66, 219, 235]]",-1.0,-1.0,"[36.639, 40.836, 39.961, 38.141, 38.078]"
2768,76.8.213.231,"[[97, 75, 190], [97, 75, 188], [66, 219, 235]]",-1.0,-1.0,"[36.955, 37.2, 40.759, 37.918, 37.915]"
2769,76.8.213.231,"[[97, 75, 190], [97, 75, 188], [66, 219, 235]]",-1.0,-1.0,"[36.671, 37.278, 37.885, 37.877, 37.87]"
2770,76.8.213.231,"[[97, 75, 190], [97, 75, 188], [66, 219, 235]]",-1.0,-1.0,"[36.558, 37.32, 37.737, 40.728, 37.861]"
2771,76.8.213.231,"[[97, 75, 190], [97, 75, 188], [66, 219, 235]]",-1.0,-1.0,"[36.734, 37.183, 37.846, 37.839, 37.856]"
2772,76.8.213.231,"[[97, 75, 190], [97, 75, 188], [66, 219, 235]]",-1.0,-1.0,"[36.817, 37.437, 37.933, 37.93, 37.923]"
2773,76.8.213.231,"[[97, 75, 190], [97, 75, 188], [66, 219, 235]]",-1.0,-1.0,"[37.371, 37.363, 37.886, 38.115, 38.175]"
2774,76.8.213.231,"[[97, 75, 190], [97, 75, 188], [66, 219, 235]]",-1.0,-1.0,"[37.098, 37.505, 37.875, 37.748, 37.866]"
2775,76.8.213.231,"[[97, 75, 190], [97, 75, 188], [66, 219, 235]]",-1.0,-1.0,"[36.815, 37.255, 37.834, 37.832, 37.829]"
2776,76.8.213.231,"[[97, 75, 190], [97, 75, 188], [66, 219, 235]]",-1.0,-1.0,"[37.382, 37.619, 37.966, 37.711, 37.802]"
2777,76.8.213.231,"[[97, 75, 190], [97, 75, 188], [66, 219, 235]]",-1.0,-1.0,"[36.798, 37.274, 37.953, 37.947, 37.969]"
2778,76.8.213.231,"[[97, 75, 190], [97, 75, 188], [66, 219, 235]]",-1.0,-1.0,"[36.909, 37.294, 43.16, 37.773, 37.925]"
2779,76.8.213.231,"[[97, 75, 190], [97, 75, 188], [66, 219, 235]]",-1.0,-1.0,"[37.039, 37.272, 37.99, 37.865, 37.892]"
2780,76.8.213.231,"[[97, 75, 190], [97, 75, 188], [66, 219, 235]]",-1.0,-1.0,"[39.437, 39.434, 39.657, 39.627, 39.855]"
2781,76.8.213.231,"[[97, 75, 190], [97, 75, 188], [66, 219, 235]]",-1.0,-1.0,"[37.107, 37.346, 38.017, 37.883, 37.907]"
2782,76.8.213.231,"[[97, 75, 190], [97, 75, 188], [66, 219, 235]]",-1.0,-1.0,"[37.236, 37.559, 37.921, 40.535, 37.916]"
2783,76.8.213.231,"[[97, 75, 190], [97, 75, 188], [66, 219, 235]]",-1.0,-1.0,"[36.556, 37.247, 37.89, 37.803, 37.979]"
2784,76.8.213.231,"[[97, 75, 190], [97, 75, 188], [66, 219, 235]]",-1.0,-1.0,"[36.601, 37.282, 37.768, 37.76, 37.875]"
2785,76.8.213.231,"[[97, 75, 190], [97, 75, 188], [66, 219, 235]]",-1.0,-1.0,"[37.178, 37.672, 37.922, 37.872, 37.985]"
2786,76.8.213.231,"[[97, 75, 190], [97, 75, 188], [66, 219, 235]]",-1.0,-1.0,"[37.505, 37.493, 37.896, 46.14, 37.929]"
2787,76.8.213.231,"[[97, 75, 190], [97, 75, 188], [66, 219, 235]]",-1.0,-1.0,"[37.023, 37.558, 37.912, 37.836, 37.833]"
2788,76.8.213.231,"[[97, 75, 190], [97, 75, 188], [66, 219, 235]]",-1.0,-1.0,"[36.864, 37.232, 37.88, 43.472, 37.906]"
2789,76.8.213.231,"[[97, 75, 190], [97, 75, 188], [66, 219, 235]]",-1.0,-1.0,"[36.672, 37.423, 37.905, 37.857, 37.929]"
2790,76.8.213.231,"[[97, 75, 190], [97, 75, 188], [66, 219, 235]]",-1.0,-1.0,"[36.768, 37.202, 38.011, 38.169, 37.971]"
2791,76.8.213.231,"[[97, 75, 190], [97, 75, 188], [66, 219, 235]]",-1.0,-1.0,"[36.748, 37.254, 37.829, 37.715, 37.817]"
2792,76.8.213.231,"[[97, 75, 190], [97, 75, 188], [66, 219, 235]]",-1.0,-1.0,"[36.618, 37.298, 37.842, 37.875, 37.962]"
2793,76.8.213.231,"[[97, 75, 190], [97, 75, 188], [66, 219, 235]]",-1.0,-1.0,"[37.439, 37.714, 38.68, 38.244, 38.274]"
2794,76.8.213.231,"[[97, 75, 190], [97, 75, 188], [66, 219, 235]]",-1.0,-1.0,"[37.226, 37.269, 55.689, 37.791, 37.824]"
2795,76.8.213.231,"[[97, 75, 190], [97, 75, 188], [66, 219, 235]]",-1.0,-1.0,"[37.037, 37.532, 37.791, 37.739, 37.903]"
2796,76.8.213.231,"[[97, 75, 190], [97, 75, 188], [66, 219, 235]]",-1.0,-1.0,"[36.737, 37.479, 37.916, 37.899, 37.891]"
2797,76.8.213.231,"[[97, 75, 190], [97, 75, 188], [66, 219, 235]]",-1.0,-1.0,"[36.72, 37.239, 37.832, 37.828, 37.903]"
2798,76.8.213.231,"[[97, 75, 190], [97, 75, 188], [66, 219, 235]]",-1.0,-1.0,"[36.553, 37.092, 39.391, 37.765, 37.796]"
2799,76.8.213.231,"[[97, 75, 190], [97, 75, 188], [66, 219, 235]]",-1.0,-1.0,"[36.79, 37.343, 38.091, 38.087, 38.121]"
2800,76.8.213.231,"[[97, 75, 190], [97, 75, 188], [66, 219, 235]]",-1.0,-1.0,"[37.439, 37.437, 38.077, 37.886, 37.88]"
2801,76.8.213.231,"[[97, 75, 190], [97, 75, 188], [66, 219, 235]]",-1.0,-1.0,"[36.922, 37.39, 72.651, 39.475, 38.025]"
2802,76.8.213.231,"[[97, 75, 190], [97, 75, 188], [66, 219, 235]]",-1.0,-1.0,"[36.972, 37.413, 37.917, 40.327, 38.049]"
2803,76.8.213.231,"[[97, 75, 190], [97, 75, 188], [66, 219, 235]]",-1.0,-1.0,"[36.828, 38.382, 38.093, 38.277, 37.874]"
2804,76.8.213.231,"[[97, 75, 190], [97, 75, 188], [66, 219, 235]]",-1.0,-1.0,"[36.922, 37.243, 38.082, 37.862, 37.859]"
2805,76.8.213.231,"[[97, 75, 190], [97, 75, 188], [66, 219, 235]]",-1.0,-1.0,"[37.917, 37.914, 38.233, 37.997, 38.225]"
2806,76.8.213.231,"[[97, 75, 190], [97, 75, 188], [66, 219, 235]]",-1.0,-1.0,"[43.971, 48.359, 43.959, 43.955, 43.942]"
2807,76.8.213.231,"[[97, 75, 190], [97, 75, 188], [66, 219, 235]]",-1.0,-1.0,"[37.372, 37.902, 38.639, 38.463, 38.453]"
2808,76.8.213.231,"[[97, 75, 190], [97, 75, 188], [66, 219, 235]]",-1.0,-1.0,"[36.727, 37.457, 37.967, 37.958, 37.952]"
2809,76.8.213.231,"[[97, 75, 190], [97, 75, 188], [66, 219, 235]]",-1.0,-1.0,"[36.785, 37.23, 37.826, 39.844, 37.879]"
2810,76.8.213.231,"[[97, 75, 190], [97, 75, 188], [66, 219, 235]]",-1.0,-1.0,"[37.587, 38.36, 38.121, 38.166, 37.942]"
2811,76.8.213.231,"[[97, 75, 190], [97, 75, 188], [66, 219, 235]]",-1.0,-1.0,"[37.486, 37.152, 37.912, 37.913, 37.886]"
2812,76.8.213.231,"[[97, 75, 190], [97, 75, 188], [66, 219, 235]]",-1.0,-1.0,"[36.876, 37.422, 38.698, 37.78, 37.976]"
2813,76.8.213.231,"[[97, 75, 190], [97, 75, 188], [66, 219, 235]]",-1.0,-1.0,"[36.913, 37.279, 38.021, 37.836, 37.832]"
2814,76.8.213.231,"[[97, 75, 190], [97, 75, 188], [66, 219, 235]]",-1.0,-1.0,"[36.825, 37.509, 38.054, 37.789, 37.841]"
2815,76.8.213.231,"[[97, 75, 190], [97, 75, 188], [66, 219, 235]]",-1.0,-1.0,"[37.332, 37.54, 38.019, 37.887, 38.011]"
2816,76.8.213.231,"[[97, 75, 190], [97, 75, 188], [66, 219, 235]]",-1.0,-1.0,"[36.779, 37.538, 38.106, 37.884, 37.882]"
2817,76.8.213.231,"[[97, 75, 190], [97, 75, 188], [66, 219, 235]]",-1.0,-1.0,"[37.109, 37.43, 38.155, 37.84, 38.076]"
2818,76.8.213.231,"[[97, 75, 190], [97, 75, 188], [66, 219, 235]]",-1.0,-1.0,"[36.98, 37.393, 38.034, 37.824, 37.987]"
2819,76.8.213.231,"[[97, 75, 190], [97, 75, 188], [66, 219, 235]]",-1.0,-1.0,"[37.573, 45.106, 45.091, 45.085, 45.082]"
2820,76.8.213.231,"[[97, 75, 190], [97, 75, 188], [66, 219, 235]]",-1.0,-1.0,"[36.782, 37.293, 38.064, 37.958, 37.911]"
2821,76.8.213.231,"[[97, 75, 190], [97, 75, 188], [66, 219, 235]]",-1.0,-1.0,"[36.694, 37.357, 37.977, 37.896, 37.889]"
2822,76.8.213.231,"[[97, 75, 190], [97, 75, 188], [66, 219, 235]]",-1.0,-1.0,"[36.882, 37.409, 37.93, 38.082, 37.921]"
2823,76.8.213.231,"[[97, 75, 190], [97, 75, 188], [66, 219, 235]]",-1.0,-1.0,"[37.164, 37.527, 37.948, 38.009, 37.957]"
2824,76.8.213.231,"[[97, 75, 190], [97, 75, 188], [66, 219, 235]]",-1.0,-1.0,"[36.747, 37.338, 37.871, 37.905, 37.826]"
2825,76.8.213.231,"[[97, 75, 190], [97, 75, 188], [66, 219, 235]]",-1.0,-1.0,"[37.336, 37.403, 37.863, 37.858, 37.882]"
2826,76.8.213.231,"[[97, 75, 190], [97, 75, 188], [66, 219, 235]]",-1.0,-1.0,"[36.673, 37.387, 38.126, 37.935, 38.003]"
2827,76.8.213.231,"[[97, 75, 190], [97, 75, 188], [66, 219, 235]]",-1.0,-1.0,"[74.1, 48.444, 38.151, 38.388, 38.114]"
2828,76.8.213.231,"[[97, 75, 190], [97, 75, 188], [66, 219, 235]]",-1.0,-1.0,"[36.911, 37.216, 37.828, 37.826, 37.848]"
2829,76.8.213.231,"[[97, 75, 190], [97, 75, 188], [66, 219, 235]]",-1.0,-1.0,"[36.884, 37.357, 54.01, 37.84, 38.154]"
2830,76.8.213.231,"[[97, 75, 190], [97, 75, 188], [66, 219, 235]]",-1.0,-1.0,"[36.837, 38.538, 38.158, 38.39, 38.147]"
2831,76.8.213.231,"[[97, 75, 190], [97, 75, 188], [66, 219, 235]]",-1.0,-1.0,"[36.649, 37.322, 38.034, 37.88, 37.873]"
2832,76.8.213.231,"[[97, 75, 190], [97, 75, 188], [66, 219, 235]]",-1.0,-1.0,"[36.989, 37.419, 38.13, 38.005, 38.003]"
2833,76.8.213.231,"[[97, 75, 190], [97, 75, 188], [66, 219, 235]]",-1.0,-1.0,"[36.617, 37.341, 38.098, 38.094, 38.081]"
2834,76.8.213.231,"[[97, 75, 190], [97, 75, 188], [66, 219, 235]]",-1.0,-1.0,"[37.134, 37.478, 37.943, 37.777, 38.008]"
2835,76.8.213.231,"[[97, 75, 190], [97, 75, 188], [66, 219, 235]]",-1.0,-1.0,"[37.469, 37.923, 38.355, 38.438, 38.339]"
2836,76.8.213.231,"[[97, 75, 190], [97, 75, 188], [66, 219, 235]]",-1.0,-1.0,"[37.08, 37.25, 38.051, 38.008, 37.917]"
2837,76.8.213.231,"[[97, 75, 190], [97, 75, 188], [66, 219, 235]]",-1.0,-1.0,"[36.723, 37.427, 39.329, 37.906, 37.914]"
2838,76.8.213.231,"[[97, 75, 190], [97, 75, 188], [66, 219, 235]]",-1.0,-1.0,"[36.729, 37.41, 38.356, 37.845, 37.967]"
2839,76.8.213.231,"[[97, 75, 190], [97, 75, 188], [66, 219, 235]]",-1.0,-1.0,"[36.881, 37.334, 38.101, 37.817, 38.051]"
2840,76.8.213.231,"[[97, 75, 190], [97, 75, 188], [66, 219, 235]]",-1.0,-1.0,"[37.138, 37.287, 37.951, 37.914, 37.984]"
2841,76.8.213.231,"[[97, 75, 190], [97, 75, 188], [66, 219, 235]]",-1.0,-1.0,"[36.696, 37.227, 37.865, 37.924, 37.856]"
2842,76.8.213.231,"[[97, 75, 190], [97, 75, 188], [66, 219, 235]]",-1.0,-1.0,"[37.035, 37.301, 37.87, 37.844, 37.934]"
2843,76.8.213.231,"[[97, 75, 190], [97, 75, 188], [66, 219, 235]]",-1.0,-1.0,"[36.683, 37.317, 37.953, 37.949, 37.94]"
2844,76.8.213.231,"[[97, 75, 190], [97, 75, 188], [66, 219, 235]]",-1.0,-1.0,"[36.856, 37.254, 38.154, 37.833, 37.948]"
2845,76.8.213.231,"[[97, 75, 190], [97, 75, 188], [66, 219, 235]]",-1.0,-1.0,"[36.991, 37.197, 37.951, 38.406, 37.909]"
2846,76.8.213.231,"[[97, 75, 190], [97, 75, 188], [66, 219, 235]]",-1.0,-1.0,"[37.159, 49.618, 49.61, 49.601, 49.598]"
2847,76.8.213.231,"[[97, 75, 190], [97, 75, 188], [66, 219, 235]]",-1.0,-1.0,"[36.627, 37.484, 37.967, 37.818, 37.821]"
2848,76.8.213.231,"[[97, 75, 190], [97, 75, 188], [66, 219, 235]]",-1.0,-1.0,"[36.966, 37.343, 38.726, 37.923, 37.981]"
2849,76.8.213.231,"[[97, 75, 190], [97, 75, 188], [66, 219, 235]]",-1.0,-1.0,"[36.776, 37.266, 42.417, 37.864, 37.856]"
2850,76.8.213.231,"[[97, 75, 190], [97, 75, 188], [66, 219, 235]]",-1.0,-1.0,"[37.091, 37.307, 60.31, 37.876, 37.874]"
2851,76.8.213.231,"[[97, 75, 190], [97, 75, 188], [66, 219, 235]]",-1.0,-1.0,"[36.939, 37.313, 38.165, 38.055, 38.051]"
2852,76.8.213.231,"[[97, 75, 190], [97, 75, 188], [66, 219, 235]]",-1.0,-1.0,"[36.753, 37.168, 37.903, 37.9, 37.921]"
2853,76.8.213.231,"[[97, 75, 190], [97, 75, 188], [66, 219, 235]]",-1.0,-1.0,"[37.096, 38.261, 37.984, 38.036, 37.911]"
2854,76.8.213.231,"[[97, 75, 190], [97, 75, 188], [66, 219, 235]]",-1.0,-1.0,"[36.884, 37.377, 38.435, 38.427, 38.423]"
2855,76.8.213.231,"[[97, 75, 190], [97, 75, 188], [66, 219, 235]]",-1.0,-1.0,"[36.898, 39.032, 37.923, 38.085, 37.911]"
2856,76.8.213.231,"[[97, 75, 190], [97, 75, 188], [66, 219, 235]]",-1.0,-1.0,"[37.005, 37.264, 38.227, 40.114, 38.051]"
2857,76.8.213.231,"[[97, 75, 190], [97, 75, 188], [66, 219, 235]]",-1.0,-1.0,"[37.137, 37.254, 38.546, 37.942, 37.938]"
2858,76.8.213.231,"[[97, 75, 190], [97, 75, 188], [66, 219, 235]]",-1.0,-1.0,"[37.1, 38.626, 38.156, 38.239, 38.111]"
2859,76.8.213.231,"[[97, 75, 190], [97, 75, 188], [66, 219, 235]]",-1.0,-1.0,"[37.066, 37.364, 38.767, 37.972, 37.891]"
2860,76.8.213.231,"[[97, 75, 190], [97, 75, 188], [66, 219, 235]]",-1.0,-1.0,"[36.785, 37.256, 38.043, 37.863, 37.885]"
2861,76.8.213.231,"[[97, 75, 190], [97, 75, 188], [66, 219, 235]]",-1.0,-1.0,"[37.043, 37.494, 37.9, 37.918, 37.884]"
2862,76.8.213.231,"[[97, 75, 190], [97, 75, 188], [66, 219, 235]]",-1.0,-1.0,"[37.455, 37.622, 38.255, 38.04, 38.256]"
2863,76.8.213.231,"[[97, 75, 190], [97, 75, 188], [66, 219, 235]]",-1.0,-1.0,"[37.418, 37.369, 37.928, 37.925, 37.974]"
2864,76.8.213.231,"[[97, 75, 190], [97, 75, 188], [66, 219, 235]]",-1.0,-1.0,"[36.701, 37.245, 37.859, 37.897, 37.875]"
2865,76.8.213.231,"[[97, 75, 190], [97, 75, 188], [66, 219, 235]]",-1.0,-1.0,"[36.772, 38.033, 38.088, 38.116, 37.871]"
2866,76.8.213.231,"[[97, 75, 190], [97, 75, 188], [66, 219, 235]]",-1.0,-1.0,"[37.196, 37.339, 38.228, 42.528, 37.924]"
2867,76.8.213.231,"[[97, 75, 190], [97, 75, 188], [66, 219, 235]]",-1.0,-1.0,"[36.862, 37.311, 38.209, 38.207, 38.204]"
2868,76.8.213.231,"[[97, 75, 190], [97, 75, 188], [66, 219, 235]]",-1.0,-1.0,"[36.763, 37.333, 37.897, 37.895, 37.845]"
2869,76.8.213.231,"[[97, 75, 190], [97, 75, 188], [66, 219, 235]]",-1.0,-1.0,"[36.833, 37.243, 38.043, 43.488, 38.001]"
2870,76.8.213.231,"[[97, 75, 190], [97, 75, 188], [66, 219, 235]]",-1.0,-1.0,"[36.724, 37.552, 37.954, 37.797, 37.946]"
2871,76.8.213.231,"[[97, 75, 190], [97, 75, 188], [66, 219, 235]]",-1.0,-1.0,"[36.901, 37.365, 38.021, 37.784, 37.858]"
2872,76.8.213.231,"[[97, 75, 190], [97, 75, 188], [66, 219, 235]]",-1.0,-1.0,"[36.936, 37.19, 37.862, 37.98, 37.839]"
2873,76.8.213.231,"[[97, 75, 190], [97, 75, 188], [66, 219, 235]]",-1.0,-1.0,"[36.776, 37.22, 38.134, 37.827, 38.129]"
2874,76.8.213.231,"[[97, 75, 190], [97, 75, 188], [66, 219, 235]]",-1.0,-1.0,"[36.954, 37.288, 38.008, 37.825, 37.872]"
2875,76.8.213.231,"[[97, 75, 190], [97, 75, 188], [66, 219, 235]]",-1.0,-1.0,"[36.736, 37.184, 37.923, 37.919, 37.916]"
2876,76.8.213.231,"[[97, 75, 190], [97, 75, 188], [66, 219, 235]]",-1.0,-1.0,"[37.238, 37.384, 38.159, 37.935, 38.059]"
2877,76.8.213.231,"[[97, 75, 190], [97, 75, 188], [66, 219, 235]]",-1.0,-1.0,"[36.748, 37.186, 38.004, 37.805, 37.803]"
2878,76.8.213.231,"[[97, 75, 188], [66, 219, 235], [66, 219, 235]]",-1.0,-1.0,"[37.649, 74.562, 37.842, 38.013, 3032.022]"
2879,76.8.213.231,"[[97, 75, 190], [97, 75, 188], [66, 219, 235]]",-1.0,-1.0,"[37.256, 37.306, 61.334, 37.921, 37.891]"
2880,76.8.213.231,"[[97, 75, 190], [97, 75, 188], [66, 219, 235]]",-1.0,-1.0,"[36.788, 37.356, 38.126, 37.881, 38.022]"
2881,76.8.213.231,"[[97, 75, 190], [97, 75, 188], [66, 219, 235]]",-1.0,-1.0,"[38.292, 37.416, 38.281, 38.275, 38.271]"
2882,76.8.213.231,"[[97, 75, 190], [97, 75, 188], [66, 219, 235]]",-1.0,-1.0,"[37.039, 37.142, 37.956, 37.84, 37.896]"
2883,76.8.213.231,"[[97, 75, 190], [97, 75, 188], [66, 219, 235]]",-1.0,-1.0,"[37.327, 37.363, 38.785, 37.851, 37.924]"
2884,76.8.213.231,"[[97, 75, 190], [97, 75, 188], [66, 219, 235]]",-1.0,-1.0,"[37.426, 37.391, 37.909, 38.194, 37.903]"
2885,76.8.213.231,"[[97, 75, 190], [97, 75, 188], [66, 219, 235]]",-1.0,-1.0,"[42.143, 37.361, 40.488, 37.866, 37.848]"
2886,76.8.213.231,"[[97, 75, 190], [97, 75, 188], [66, 219, 235]]",-1.0,-1.0,"[37.211, 37.523, 38.168, 37.983, 38.084]"
2887,76.8.213.231,"[[97, 75, 190], [97, 75, 188], [66, 219, 235]]",-1.0,-1.0,"[36.752, 58.137, 38.003, 38.207, 37.998]"
2888,76.8.213.231,"[[97, 75, 190], [97, 75, 188], [66, 219, 235]]",-1.0,-1.0,"[36.815, 37.45, 38.017, 37.991, 38.011]"
2889,76.8.213.231,"[[97, 75, 190], [97, 75, 188], [66, 219, 235]]",-1.0,-1.0,"[36.77, 37.333, 37.977, 38.013, 38.016]"
2890,76.8.213.231,"[[97, 75, 190], [97, 75, 188], [66, 219, 235]]",-1.0,-1.0,"[37.677, 37.469, 37.909, 37.884, 37.904]"
2891,76.8.213.231,"[[97, 75, 190], [97, 75, 188], [66, 219, 235]]",-1.0,-1.0,"[36.604, 37.463, 37.837, 37.849, 37.81]"
2892,76.8.213.231,"[[97, 75, 190], [97, 75, 188], [66, 219, 235]]",-1.0,-1.0,"[36.937, 37.305, 38.032, 37.92, 38.026]"
2893,76.8.213.231,"[[97, 75, 190], [97, 75, 188], [66, 219, 235]]",-1.0,-1.0,"[36.766, 37.592, 53.388, 37.842, 37.982]"
2894,76.8.213.231,"[[97, 75, 190], [97, 75, 188], [66, 219, 235]]",-1.0,-1.0,"[36.936, 37.29, 38.102, 53.684, 37.943]"
2895,76.8.213.231,"[[97, 75, 190], [97, 75, 188], [66, 219, 235]]",-1.0,-1.0,"[36.724, 37.347, 38.043, 37.863, 37.88]"
2896,76.8.213.231,"[[97, 75, 190], [97, 75, 188], [66, 219, 235]]",-1.0,-1.0,"[36.871, 37.469, 37.969, 37.791, 37.984]"
2897,76.8.213.231,"[[97, 75, 190], [97, 75, 188], [66, 219, 235]]",-1.0,-1.0,"[36.675, 37.242, 38.844, 37.757, 37.919]"
2898,76.8.213.231,"[[97, 75, 190], [97, 75, 188], [66, 219, 235]]",-1.0,-1.0,"[37.353, 37.79, 37.93, 37.926, 38.056]"
2899,76.8.213.231,"[[97, 75, 190], [97, 75, 188], [66, 219, 235]]",-1.0,-1.0,"[37.058, 37.602, 37.951, 37.803, 37.944]"
2900,76.8.213.231,"[[97, 75, 190], [97, 75, 188], [66, 219, 235]]",-1.0,-1.0,"[36.869, 37.278, 37.986, 37.845, 37.981]"
2901,76.8.213.231,"[[97, 75, 190], [97, 75, 188], [66, 219, 235]]",-1.0,-1.0,"[36.739, 37.243, 38.62, 41.023, 37.853]"
2902,76.8.213.231,"[[97, 75, 190], [97, 75, 188], [66, 219, 235]]",-1.0,-1.0,"[37.285, 37.551, 38.161, 37.978, 37.976]"
2903,76.8.213.231,"[[97, 75, 190], [97, 75, 188], [66, 219, 235]]",-1.0,-1.0,"[36.688, 37.323, 38.057, 37.958, 37.877]"
2904,76.8.213.231,"[[97, 75, 190], [97, 75, 188], [66, 219, 235]]",-1.0,-1.0,"[36.844, 37.195, 37.952, 37.947, 37.866]"
2905,76.8.213.231,"[[97, 75, 190], [97, 75, 188], [66, 219, 235]]",-1.0,-1.0,"[36.72, 37.515, 37.859, 38.219, 37.839]"
2906,76.8.213.231,"[[97, 75, 190], [97, 75, 188], [66, 219, 235]]",-1.0,-1.0,"[36.715, 37.35, 38.028, 38.155, 37.992]"
2907,76.8.213.231,"[[97, 75, 190], [97, 75, 188], [66, 219, 235]]",-1.0,-1.0,"[36.902, 38.837, 38.046, 38.89, 37.958]"
2908,76.8.213.231,"[[97, 75, 190], [97, 75, 188], [66, 219, 235]]",-1.0,-1.0,"[36.834, 37.639, 37.884, 37.861, 37.879]"
2909,76.8.213.231,"[[97, 75, 190], [97, 75, 188], [66, 219, 235]]",-1.0,-1.0,"[36.913, 37.404, 37.981, 37.978, 37.974]"
2910,76.8.213.231,"[[97, 75, 190], [97, 75, 188], [66, 219, 235]]",-1.0,-1.0,"[37.189, 37.411, 38.025, 37.899, 38.017]"
2911,76.8.213.231,"[[97, 75, 190], [97, 75, 188], [66, 219, 235]]",-1.0,-1.0,"[37.935, 38.569, 39.385, 39.839, 39.565]"
2912,76.8.213.231,"[[97, 75, 190], [97, 75, 188], [66, 219, 235]]",-1.0,-1.0,"[36.603, 37.205, 37.969, 37.866, 37.862]"
2913,76.8.213.231,"[[97, 75, 190], [97, 75, 188], [66, 219, 235]]",-1.0,-1.0,"[36.696, 37.576, 37.927, 37.922, 37.917]"
2914,76.8.213.231,"[[97, 75, 190], [97, 75, 188], [66, 219, 235]]",-1.0,-1.0,"[36.638, 37.27, 37.881, 37.848, 37.863]"
2915,76.8.213.231,"[[97, 75, 190], [97, 75, 188], [66, 219, 235]]",-1.0,-1.0,"[37.492, 37.488, 38.009, 37.978, 37.976]"
2916,76.8.213.231,"[[97, 75, 190], [97, 75, 188], [66, 219, 235]]",-1.0,-1.0,"[37.111, 37.298, 61.077, 37.942, 37.94]"
2917,76.8.213.231,"[[97, 75, 190], [97, 75, 188], [66, 219, 235]]",-1.0,-1.0,"[36.851, 37.284, 38.02, 37.841, 37.936]"
2918,76.8.213.231,"[[97, 75, 190], [97, 75, 188], [66, 219, 235]]",-1.0,-1.0,"[37.213, 37.783, 37.932, 37.997, 38.015]"
2919,76.8.213.231,"[[97, 75, 190], [97, 75, 188], [66, 219, 235]]",-1.0,-1.0,"[36.688, 37.409, 37.919, 37.879, 37.914]"
2920,76.8.213.231,"[[97, 75, 190], [97, 75, 188], [66, 219, 235]]",-1.0,-1.0,"[43.003, 37.162, 37.971, 37.864, 37.752]"
2921,76.8.213.231,"[[97, 75, 190], [97, 75, 188], [66, 219, 235]]",-1.0,-1.0,"[72.4, 37.21, 38.01, 37.769, 37.85]"
2922,76.8.213.231,"[[97, 75, 190], [97, 75, 188], [66, 219, 235]]",-1.0,-1.0,"[36.561, 37.3, 37.862, 38.078, 37.856]"
2923,76.8.213.231,"[[97, 75, 190], [97, 75, 188], [66, 219, 235]]",-1.0,-1.0,"[36.652, 37.064, 37.805, 37.73, 37.728]"
2924,76.8.213.231,"[[97, 75, 190], [97, 75, 188], [66, 219, 235]]",-1.0,-1.0,"[36.611, 37.189, 41.301, 37.77, 37.781]"
2925,76.8.213.231,"[[97, 75, 190], [97, 75, 188], [66, 219, 235]]",-1.0,-1.0,"[36.83, 37.255, 37.818, 37.815, 37.812]"
2926,76.8.213.231,"[[97, 75, 190], [97, 75, 188], [66, 219, 235]]",-1.0,-1.0,"[36.647, 37.221, 38.051, 37.851, 37.781]"
2927,76.8.213.231,"[[97, 75, 190], [97, 75, 188], [66, 219, 235]]",-1.0,-1.0,"[36.711, 37.415, 37.862, 37.837, 37.832]"
2928,76.8.213.231,"[[97, 75, 190], [97, 75, 188], [66, 219, 235]]",-1.0,-1.0,"[36.649, 37.191, 37.877, 40.685, 37.709]"
2929,76.8.213.231,"[[97, 75, 190], [97, 75, 188], [66, 219, 235]]",-1.0,-1.0,"[36.816, 37.075, 37.771, 37.838, 37.765]"
2930,76.8.213.231,"[[97, 75, 190], [97, 75, 188], [66, 219, 235]]",-1.0,-1.0,"[37.177, 37.304, 37.914, 37.784, 37.905]"
2931,76.8.213.231,"[[97, 75, 190], [97, 75, 188], [66, 219, 235]]",-1.0,-1.0,"[36.583, 37.231, 37.857, 39.809, 37.767]"
2932,76.8.213.231,"[[97, 75, 190], [97, 75, 188], [66, 219, 235]]",-1.0,-1.0,"[36.934, 37.144, 37.82, 37.835, 37.817]"
2933,76.8.213.231,"[[97, 75, 190], [97, 75, 188], [66, 219, 235]]",-1.0,-1.0,"[36.86, 37.102, 37.808, 37.806, 37.787]"
2934,76.8.213.231,"[[97, 75, 190], [97, 75, 188], [66, 219, 235]]",-1.0,-1.0,"[36.718, 37.223, 38.028, 37.839, 37.836]"
2935,76.8.213.231,"[[97, 75, 190], [97, 75, 188], [66, 219, 235]]",-1.0,-1.0,"[36.712, 37.265, 38.467, 37.817, 37.767]"
2936,76.8.213.231,"[[97, 75, 190], [97, 75, 188], [66, 219, 235]]",-1.0,-1.0,"[36.804, 37.213, 37.809, 38.472, 37.861]"
2937,76.8.213.231,"[[97, 75, 190], [97, 75, 188], [66, 219, 235]]",-1.0,-1.0,"[36.726, 37.246, 37.832, 37.663, 37.813]"
2938,76.8.213.231,"[[97, 75, 190], [97, 75, 188], [66, 219, 235]]",-1.0,-1.0,"[36.898, 38.102, 37.885, 38.008, 37.855]"
2939,76.8.213.231,"[[97, 75, 190], [97, 75, 188], [66, 219, 235]]",-1.0,-1.0,"[37.601, 37.568, 37.781, 37.717, 37.862]"
2940,76.8.213.231,"[[97, 75, 190], [97, 75, 188], [66, 219, 235]]",-1.0,-1.0,"[36.557, 37.431, 37.841, 37.782, 37.735]"
2941,76.8.213.231,"[[97, 75, 190], [97, 75, 188], [66, 219, 235]]",-1.0,-1.0,"[36.732, 37.178, 37.896, 37.726, 37.887]"
2942,76.8.213.231,"[[97, 75, 190], [97, 75, 188], [66, 219, 235]]",-1.0,-1.0,"[36.991, 37.089, 37.762, 37.759, 37.813]"
2943,76.8.213.231,"[[97, 75, 190], [97, 75, 188], [66, 219, 235]]",-1.0,-1.0,"[36.53, 37.177, 38.749, 38.745, 43.702]"
2944,76.8.213.231,"[[97, 75, 190], [97, 75, 188], [66, 219, 235]]",-1.0,-1.0,"[43.462, 37.401, 38.002, 37.758, 37.753]"
2945,76.8.213.231,"[[97, 75, 190], [97, 75, 188], [66, 219, 235]]",-1.0,-1.0,"[36.513, 37.242, 37.739, 37.735, 37.914]"
2946,76.8.213.231,"[[97, 75, 190], [97, 75, 188], [66, 219, 235]]",-1.0,-1.0,"[38.061, 37.153, 37.735, 37.977, 37.761]"
2947,76.8.213.231,"[[97, 75, 190], [97, 75, 188], [66, 219, 235]]",-1.0,-1.0,"[36.927, 37.264, 37.867, 37.95, 37.79]"
2948,76.8.213.231,"[[97, 75, 190], [97, 75, 188], [66, 219, 235]]",-1.0,-1.0,"[36.499, 37.293, 37.85, 38.457, 37.864]"
2949,76.8.213.231,"[[97, 75, 190], [97, 75, 188], [66, 219, 235]]",-1.0,-1.0,"[36.6, 37.161, 37.936, 37.726, 37.832]"
2950,76.8.213.231,"[[97, 75, 190], [97, 75, 188], [66, 219, 235]]",-1.0,-1.0,"[36.748, 37.491, 37.975, 39.278, 37.925]"
2951,76.8.213.231,"[[97, 75, 190], [97, 75, 188], [66, 219, 235]]",-1.0,-1.0,"[36.684, 38.523, 60.621, 38.516, 44.993]"
2952,76.8.213.231,"[[97, 75, 190], [97, 75, 188], [66, 219, 235]]",-1.0,-1.0,"[36.644, 38.734, 37.746, 38.647, 37.826]"
2953,76.8.213.231,"[[97, 75, 190], [97, 75, 188], [66, 219, 235]]",-1.0,-1.0,"[38.268, 40.37, 38.263, 45.761, 38.254]"
2954,76.8.213.231,"[[97, 75, 190], [97, 75, 188], [66, 219, 235]]",-1.0,-1.0,"[50.366, 37.216, 37.879, 37.761, 37.918]"
2955,76.8.213.231,"[[97, 75, 190], [97, 75, 188], [66, 219, 235]]",-1.0,-1.0,"[37.054, 37.272, 37.874, 37.798, 37.819]"
2956,76.8.213.231,"[[97, 75, 190], [97, 75, 188], [66, 219, 235]]",-1.0,-1.0,"[36.764, 39.782, 37.852, 38.321, 38.401]"
2957,76.8.213.231,"[[97, 75, 190], [97, 75, 188], [66, 219, 235]]",-1.0,-1.0,"[36.707, 37.987, 37.977, 38.322, 37.958]"
2958,76.8.213.231,"[[97, 75, 190], [97, 75, 188], [66, 219, 235]]",-1.0,-1.0,"[37.093, 37.325, 37.812, 37.775, 37.824]"
2959,76.8.213.231,"[[97, 75, 190], [97, 75, 188], [66, 219, 235]]",-1.0,-1.0,"[36.54, 37.119, 37.778, 38.294, 37.795]"
2960,76.8.213.231,"[[97, 75, 190], [97, 75, 188], [66, 219, 235]]",-1.0,-1.0,"[42.805, 42.802, 42.798, 42.795, 42.791]"
2961,76.8.213.231,"[[97, 75, 190], [97, 75, 188], [66, 219, 235]]",-1.0,-1.0,"[36.606, 37.223, 45.75, 38.639, 37.775]"
2962,76.8.213.231,"[[97, 75, 190], [97, 75, 188], [66, 219, 235]]",-1.0,-1.0,"[36.614, 37.44, 37.815, 37.874, 37.871]"
2963,76.8.213.231,"[[97, 75, 190], [97, 75, 188], [66, 219, 235]]",-1.0,-1.0,"[36.991, 39.57, 37.828, 43.84, 37.822]"
2964,76.8.213.231,"[[97, 75, 190], [97, 75, 188], [66, 219, 235]]",-1.0,-1.0,"[36.753, 37.11, 37.754, 37.855, 37.999]"
2965,76.8.213.231,"[[97, 75, 190], [97, 75, 188], [66, 219, 235]]",-1.0,-1.0,"[36.711, 37.283, 37.765, 37.686, 37.834]"
2966,76.8.213.231,"[[97, 75, 190], [97, 75, 188], [66, 219, 235]]",-1.0,-1.0,"[36.879, 37.314, 37.87, 37.834, 37.862]"
2967,76.8.213.231,"[[97, 75, 190], [97, 75, 188], [66, 219, 235]]",-1.0,-1.0,"[36.512, 37.183, 37.801, 37.797, 37.76]"
2968,76.8.213.231,"[[97, 75, 190], [97, 75, 188], [66, 219, 235]]",-1.0,-1.0,"[36.603, 37.315, 39.094, 38.324, 37.804]"
2969,76.8.213.231,"[[97, 75, 190], [97, 75, 188], [66, 219, 235]]",-1.0,-1.0,"[36.747, 37.3, 44.207, 37.837, 37.864]"
2970,76.8.213.231,"[[97, 75, 190], [97, 75, 188], [66, 219, 235]]",-1.0,-1.0,"[36.605, 37.433, 37.968, 37.827, 37.821]"
2971,76.8.213.231,"[[97, 75, 190], [97, 75, 188], [66, 219, 235]]",-1.0,-1.0,"[36.594, 37.177, 37.948, 37.767, 37.809]"
2972,76.8.213.231,"[[97, 75, 190], [97, 75, 188], [66, 219, 235]]",-1.0,-1.0,"[36.853, 37.527, 37.735, 37.731, 37.83]"
2973,76.8.213.231,"[[97, 75, 190], [97, 75, 188], [66, 219, 235]]",-1.0,-1.0,"[36.526, 37.083, 37.678, 37.818, 37.764]"
2974,76.8.213.231,"[[97, 75, 190], [97, 75, 188], [66, 219, 235]]",-1.0,-1.0,"[36.586, 37.201, 38.444, 37.699, 37.692]"
2975,76.8.213.231,"[[97, 75, 190], [97, 75, 188], [66, 219, 235]]",-1.0,-1.0,"[36.859, 37.317, 37.757, 37.702, 37.817]"
2976,76.8.213.231,"[[97, 75, 190], [97, 75, 188], [66, 219, 235]]",-1.0,-1.0,"[36.926, 37.818, 37.853, 38.08, 37.99]"
2977,76.8.213.231,"[[97, 75, 190], [97, 75, 188], [66, 219, 235]]",-1.0,-1.0,"[38.178, 37.084, 37.892, 37.714, 37.798]"
2978,76.8.213.231,"[[97, 75, 190], [97, 75, 188], [66, 219, 235]]",-1.0,-1.0,"[36.705, 37.063, 37.837, 37.682, 37.802]"
2979,76.8.213.231,"[[97, 75, 190], [97, 75, 188], [66, 219, 235]]",-1.0,-1.0,"[36.721, 40.551, 40.526, 40.519, 40.508]"
2980,76.8.213.231,"[[97, 75, 190], [97, 75, 188], [66, 219, 235]]",-1.0,-1.0,"[36.589, 38.442, 39.571, 38.193, 38.15]"
2981,76.8.213.231,"[[97, 75, 190], [97, 75, 188], [66, 219, 235]]",-1.0,-1.0,"[36.642, 37.367, 37.977, 37.861, 37.859]"
2982,76.8.213.231,"[[97, 75, 190], [97, 75, 188], [66, 219, 235]]",-1.0,-1.0,"[36.737, 37.062, 38.822, 37.786, 37.723]"
2983,76.8.213.231,"[[97, 75, 190], [97, 75, 188], [66, 219, 235]]",-1.0,-1.0,"[36.626, 37.056, 37.76, 37.748, 37.862]"
2984,76.8.213.231,"[[97, 75, 190], [97, 75, 188], [66, 219, 235]]",-1.0,-1.0,"[36.79, 37.151, 37.74, 37.711, 37.793]"
2985,76.8.213.231,"[[97, 75, 190], [97, 75, 188], [66, 219, 235]]",-1.0,-1.0,"[36.754, 37.156, 37.788, 37.85, 38.022]"
2986,76.8.213.231,"[[97, 75, 190], [97, 75, 188], [66, 219, 235]]",-1.0,-1.0,"[37.17, 37.783, 38.112, 38.096, 38.271]"
2987,76.8.213.231,"[[97, 75, 190], [97, 75, 188], [66, 219, 235]]",-1.0,-1.0,"[36.617, 51.074, 38.01, 44.236, 37.929]"
2988,76.8.213.231,"[[97, 75, 190], [97, 75, 188], [66, 219, 235]]",-1.0,-1.0,"[38.835, 37.353, 37.765, 37.813, 37.809]"
2989,76.8.213.231,"[[97, 75, 190], [97, 75, 188], [66, 219, 235]]",-1.0,-1.0,"[36.707, 38.282, 38.092, 38.09, 37.98]"
2990,76.8.213.231,"[[97, 75, 190], [97, 75, 188], [66, 219, 235]]",-1.0,-1.0,"[37.213, 38.191, 37.764, 38.009, 39.127]"
2991,76.8.213.231,"[[97, 75, 190], [97, 75, 188], [66, 219, 235]]",-1.0,-1.0,"[36.642, 37.152, 37.887, 37.76, 37.732]"
2992,76.8.213.231,"[[97, 75, 190], [97, 75, 188], [66, 219, 235]]",-1.0,-1.0,"[36.863, 60.117, 37.986, 37.983, 37.831]"
2993,76.8.213.231,"[[97, 75, 190], [97, 75, 188], [66, 219, 235]]",-1.0,-1.0,"[36.667, 37.56, 38.419, 38.414, 38.407]"
2994,76.8.213.231,"[[97, 75, 190], [97, 75, 188], [66, 219, 235]]",-1.0,-1.0,"[36.723, 37.383, 37.904, 40.421, 37.94]"
2995,76.8.213.231,"[[97, 75, 190], [97, 75, 188], [66, 219, 235]]",-1.0,-1.0,"[37.138, 37.232, 60.552, 37.737, 38.322]"
2996,76.8.213.231,"[[97, 75, 190], [97, 75, 188], [66, 219, 235]]",-1.0,-1.0,"[37.276, 37.316, 37.783, 37.781, 37.798]"
2997,76.8.213.231,"[[97, 75, 190], [97, 75, 188], [66, 219, 235]]",-1.0,-1.0,"[36.959, 37.287, 37.744, 45.967, 37.659]"
2998,76.8.213.231,"[[97, 75, 190], [97, 75, 188], [66, 219, 235]]",-1.0,-1.0,"[36.571, 37.507, 37.884, 38.309, 37.843]"
2999,76.8.213.231,"[[97, 75, 190], [97, 75, 188], [66, 219, 235]]",-1.0,-1.0,"[37.149, 37.303, 37.848, 37.898, 37.833]"
3000,76.8.213.231,"[[97, 75, 190], [97, 75, 188], [66, 219, 235]]",-1.0,-1.0,"[36.556, 37.127, 37.771, 37.769, 37.88]"
3001,76.8.213.231,"[[97, 75, 190], [97, 75, 188], [66, 219, 235]]",-1.0,-1.0,"[36.89, 37.285, 37.934, 37.736, 37.886]"
3002,76.8.213.231,"[[97, 75, 190], [97, 75, 188], [66, 219, 235]]",-1.0,-1.0,"[36.695, 37.299, 37.797, 37.74, 37.757]"
3003,76.8.213.231,"[[97, 75, 190], [97, 75, 188], [66, 219, 235]]",-1.0,-1.0,"[36.523, 37.265, 37.812, 37.69, 37.736]"
3004,76.8.213.231,"[[97, 75, 190], [97, 75, 188], [66, 219, 235]]",-1.0,-1.0,"[50.712, 38.092, 37.738, 38.01, 37.806]"
3005,76.8.213.231,"[[97, 75, 190], [97, 75, 188], [66, 219, 235]]",-1.0,-1.0,"[36.545, 37.413, 38.939, 55.493, 37.875]"
3006,76.8.213.231,"[[97, 75, 190], [97, 75, 188], [66, 219, 235]]",-1.0,-1.0,"[36.669, 37.347, 37.89, 37.833, 37.89]"
3007,76.8.213.231,"[[97, 75, 190], [97, 75, 188], [66, 219, 235]]",-1.0,-1.0,"[36.706, 37.122, 37.772, 37.719, 37.776]"
3008,76.8.213.231,"[[97, 75, 190], [97, 75, 188], [66, 219, 235]]",-1.0,-1.0,"[36.915, 37.224, 37.782, 37.773, 37.845]"
3009,76.8.213.231,"[[97, 75, 190], [97, 75, 188], [66, 219, 235]]",-1.0,-1.0,"[36.564, 37.599, 37.8, 37.705, 37.786]"
3010,76.8.213.231,"[[97, 75, 190], [97, 75, 188], [66, 219, 235]]",-1.0,-1.0,"[36.628, 37.243, 37.729, 37.761, 37.918]"
3011,76.8.213.231,"[[97, 75, 190], [97, 75, 188], [66, 219, 235]]",-1.0,-1.0,"[36.717, 40.506, 37.731, 37.957, 37.798]"
3012,76.8.213.231,"[[97, 75, 190], [97, 75, 188], [66, 219, 235]]",-1.0,-1.0,"[36.586, 40.044, 37.8, 38.02, 37.793]"
3013,76.8.213.231,"[[97, 75, 190], [97, 75, 188], [66, 219, 235]]",-1.0,-1.0,"[36.872, 37.188, 37.814, 37.81, 37.844]"
3014,76.8.213.231,"[[97, 75, 190], [97, 75, 188], [66, 219, 235]]",-1.0,-1.0,"[36.679, 37.422, 37.71, 49.133, 37.74]"
3015,76.8.213.231,"[[97, 75, 190], [97, 75, 188], [66, 219, 235]]",-1.0,-1.0,"[36.71, 44.578, 37.78, 38.03, 37.849]"
3016,76.8.213.231,"[[97, 75, 190], [97, 75, 188], [66, 219, 235]]",-1.0,-1.0,"[37.193, 37.316, 37.74, 37.73, 37.771]"
3017,76.8.213.231,"[[97, 75, 190], [97, 75, 188], [66, 219, 235]]",-1.0,-1.0,"[36.578, 37.171, 37.784, 37.781, 37.849]"
3018,76.8.213.231,"[[97, 75, 190], [97, 75, 188], [66, 219, 235]]",-1.0,-1.0,"[37.803, 38.068, 38.713, 38.616, 38.773]"
3019,76.8.213.231,"[[97, 75, 190], [97, 75, 188], [66, 219, 235]]",-1.0,-1.0,"[36.451, 38.032, 61.986, 38.013, 37.873]"
3020,76.8.213.231,"[[97, 75, 190], [97, 75, 188], [66, 219, 235]]",-1.0,-1.0,"[36.893, 37.55, 37.842, 37.694, 37.779]"
3021,76.8.213.231,"[[97, 75, 190], [97, 75, 188], [66, 219, 235]]",-1.0,-1.0,"[36.733, 38.181, 37.811, 38.158, 37.964]"
3022,76.8.213.231,"[[97, 75, 190], [97, 75, 188], [66, 219, 235]]",-1.0,-1.0,"[37.041, 37.219, 37.714, 37.7, 37.809]"
3023,76.8.213.231,"[[97, 75, 190], [97, 75, 188], [66, 219, 235]]",-1.0,-1.0,"[37.07, 57.114, 41.994, 38.249, 37.979]"
3024,76.8.213.231,"[[97, 75, 190], [97, 75, 188], [66, 219, 235]]",-1.0,-1.0,"[36.581, 37.25, 37.771, 39.509, 37.777]"
3025,76.8.213.231,"[[97, 75, 190], [97, 75, 188], [66, 219, 235]]",-1.0,-1.0,"[38.142, 37.338, 38.119, 37.866, 37.857]"
3026,76.8.213.231,"[[97, 75, 190], [97, 75, 188], [66, 219, 235]]",-1.0,-1.0,"[36.544, 37.269, 37.791, 37.734, 37.731]"
3027,76.8.213.231,"[[97, 75, 190], [97, 75, 188], [66, 219, 235]]",-1.0,-1.0,"[37.617, 38.455, 38.452, 38.463, 38.29]"
3028,76.8.213.231,"[[97, 75, 190], [97, 75, 188], [66, 219, 235]]",-1.0,-1.0,"[36.994, 37.193, 37.831, 37.725, 37.816]"
3029,76.8.213.231,"[[97, 75, 190], [97, 75, 188], [66, 219, 235]]",-1.0,-1.0,"[36.76, 37.562, 37.895, 37.72, 37.81]"
3030,76.8.213.231,"[[97, 75, 190], [97, 75, 188], [66, 219, 235]]",-1.0,-1.0,"[37.19, 37.208, 37.71, 37.706, 37.761]"
3031,76.8.213.231,"[[97, 75, 190], [97, 75, 188], [66, 219, 235]]",-1.0,-1.0,"[37.267, 37.34, 37.863, 37.859, 37.921]"
3032,76.8.213.231,"[[97, 75, 190], [97, 75, 188], [66, 219, 235]]",-1.0,-1.0,"[37.722, 38.276, 38.601, 38.536, 38.818]"
3033,76.8.213.231,"[[97, 75, 190], [97, 75, 188], [66, 219, 235]]",-1.0,-1.0,"[36.565, 38.116, 37.774, 38.056, 37.801]"
3034,76.8.213.231,"[[97, 75, 190], [97, 75, 188], [66, 219, 235]]",-1.0,-1.0,"[36.71, 37.622, 37.726, 37.767, 37.857]"
3035,76.8.213.231,"[[97, 75, 190], [97, 75, 188], [66, 219, 235]]",-1.0,-1.0,"[36.828, 37.849, 37.846, 38.527, 37.947]"
3036,76.8.213.231,"[[97, 75, 190], [97, 75, 188], [66, 219, 235]]",-1.0,-1.0,"[36.73, 37.239, 37.782, 37.774, 37.835]"
3037,76.8.213.231,"[[97, 75, 190], [97, 75, 188], [66, 219, 235]]",-1.0,-1.0,"[36.557, 37.245, 37.73, 37.697, 37.737]"
3038,76.8.213.231,"[[97, 75, 190], [97, 75, 188], [66, 219, 235]]",-1.0,-1.0,"[36.598, 37.256, 38.677, 37.682, 37.991]"
3039,76.8.213.231,"[[97, 75, 190], [97, 75, 188], [66, 219, 235]]",-1.0,-1.0,"[36.495, 37.278, 37.773, 37.759, 37.817]"
3040,76.8.213.231,"[[97, 75, 190], [97, 75, 188], [66, 219, 235]]",-1.0,-1.0,"[37.203, 37.409, 38.046, 37.894, 38.06]"
3041,76.8.213.231,"[[97, 75, 190], [97, 75, 188], [66, 219, 235]]",-1.0,-1.0,"[36.8, 37.266, 37.774, 37.735, 37.926]"
3042,76.8.213.231,"[[97, 75, 190], [97, 75, 188], [66, 219, 235]]",-1.0,-1.0,"[37.543, 37.23, 37.803, 37.709, 37.829]"
3043,76.8.213.231,"[[97, 75, 190], [97, 75, 188], [66, 219, 235]]",-1.0,-1.0,"[39.087, 37.364, 38.211, 38.204, 38.197]"
3044,76.8.213.231,"[[97, 75, 190], [97, 75, 188], [66, 219, 235]]",-1.0,-1.0,"[36.588, 37.116, 38.392, 37.738, 37.674]"
3045,76.8.213.231,"[[97, 75, 190], [97, 75, 188], [66, 219, 235]]",-1.0,-1.0,"[37.016, 37.158, 39.35, 37.684, 37.823]"
3046,76.8.213.231,"[[97, 75, 190], [97, 75, 188], [66, 219, 235]]",-1.0,-1.0,"[36.539, 37.171, 38.887, 37.663, 37.785]"
3047,76.8.213.231,"[[97, 75, 190], [97, 75, 188], [66, 219, 235]]",-1.0,-1.0,"[36.925, 37.666, 38.332, 38.093, 38.13]"
3048,76.8.213.231,"[[97, 75, 190], [97, 75, 188], [66, 219, 235]]",-1.0,-1.0,"[37.2, 38.95, 37.842, 43.829, 37.884]"
3049,76.8.213.231,"[[97, 75, 190], [97, 75, 188], [66, 219, 235]]",-1.0,-1.0,"[37.132, 37.151, 37.739, 37.735, 37.758]"
3050,76.8.213.231,"[[97, 75, 190], [97, 75, 188], [66, 219, 235]]",-1.0,-1.0,"[52.555, 37.38, 38.205, 37.79, 37.945]"
3051,76.8.213.231,"[[97, 75, 190], [97, 75, 188], [66, 219, 235]]",-1.0,-1.0,"[36.856, 37.197, 37.792, 37.76, 37.701]"
3052,76.8.213.231,"[[97, 75, 190], [97, 75, 188], [66, 219, 235]]",-1.0,-1.0,"[36.527, 38.393, 37.851, 38.379, 37.862]"
3053,76.8.213.231,"[[97, 75, 190], [97, 75, 188], [66, 219, 235]]",-1.0,-1.0,"[36.659, 37.308, 37.752, 37.705, 37.962]"
3054,76.8.213.231,"[[97, 75, 190], [97, 75, 188], [66, 219, 235]]",-1.0,-1.0,"[44.868, 37.661, 37.768, 37.757, 37.821]"
3055,76.8.213.231,"[[97, 75, 190], [97, 75, 188], [66, 219, 235]]",-1.0,-1.0,"[36.727, 39.378, 37.83, 38.045, 37.881]"
3056,76.8.213.231,"[[97, 75, 190], [97, 75, 188], [66, 219, 235]]",-1.0,-1.0,"[36.775, 37.262, 38.014, 37.686, 37.904]"
3057,76.8.213.231,"[[97, 75, 190], [97, 75, 188], [66, 219, 235]]",-1.0,-1.0,"[42.841, 37.266, 37.822, 37.986, 37.816]"
3058,76.8.213.231,"[[97, 75, 190], [97, 75, 188], [66, 219, 235]]",-1.0,-1.0,"[36.512, 37.255, 37.708, 37.781, 37.85]"
3059,76.8.213.231,"[[97, 75, 190], [97, 75, 188], [66, 219, 235]]",-1.0,-1.0,"[36.966, 37.263, 37.992, 37.741, 37.82]"
3060,76.8.213.231,"[[97, 75, 190], [97, 75, 188], [66, 219, 235]]",-1.0,-1.0,"[36.688, 39.539, 38.11, 38.159, 38.099]"
3061,76.8.213.231,"[[97, 75, 190], [97, 75, 188], [66, 219, 235]]",-1.0,-1.0,"[37.012, 37.195, 37.983, 37.765, 37.839]"
3062,76.8.213.231,"[[97, 75, 190], [97, 75, 188], [66, 219, 235]]",-1.0,-1.0,"[36.571, 37.166, 37.911, 37.95, 37.942]"
3063,76.8.213.231,"[[97, 75, 190], [97, 75, 188], [66, 219, 235]]",-1.0,-1.0,"[36.811, 37.465, 53.47, 37.814, 37.803]"
3064,76.8.213.231,"[[97, 75, 190], [97, 75, 188], [66, 219, 235]]",-1.0,-1.0,"[37.365, 37.453, 37.898, 37.789, 37.894]"
3065,76.8.213.231,"[[97, 75, 190], [97, 75, 188], [66, 219, 235]]",-1.0,-1.0,"[45.369, 37.237, 37.974, 37.964, 37.96]"
3066,76.8.213.231,"[[97, 75, 190], [97, 75, 188], [66, 219, 235]]",-1.0,-1.0,"[37.487, 41.821, 41.812, 41.803, 41.793]"
3067,76.8.213.231,"[[97, 75, 190], [97, 75, 188], [66, 219, 235]]",-1.0,-1.0,"[37.701, 37.695, 40.836, 40.823, 40.819]"
3068,76.8.213.231,"[[97, 75, 190], [97, 75, 188], [66, 219, 235]]",-1.0,-1.0,"[37.642, 37.937, 37.998, 37.926, 37.922]"
3069,76.8.213.231,"[[97, 75, 190], [97, 75, 188], [66, 219, 235]]",-1.0,-1.0,"[41.586, 41.626, 42.502, 42.257, 42.282]"
3070,76.8.213.231,"[[97, 75, 190], [97, 75, 188], [66, 219, 235]]",-1.0,-1.0,"[36.763, 37.738, 37.754, 37.831, 37.896]"
3071,76.8.213.231,"[[97, 75, 190], [97, 75, 188], [66, 219, 235]]",-1.0,-1.0,"[36.56, 39.877, 39.872, 39.867, 39.863]"
3072,76.8.213.231,"[[97, 75, 190], [97, 75, 188], [66, 219, 235]]",-1.0,-1.0,"[39.46, 39.437, 39.424, 39.408, 39.391]"
3073,76.8.213.231,"[[97, 75, 190], [97, 75, 188], [66, 219, 235]]",-1.0,-1.0,"[37.778, 45.109, 37.814, 38.154, 37.906]"
3074,76.8.213.231,"[[97, 75, 190], [97, 75, 188], [66, 219, 235]]",-1.0,-1.0,"[36.555, 37.072, 38.025, 37.779, 37.776]"
3075,76.8.213.231,"[[97, 75, 190], [97, 75, 188], [66, 219, 235]]",-1.0,-1.0,"[36.919, 37.441, 37.881, 38.16, 37.772]"
3076,76.8.213.231,"[[97, 75, 190], [97, 75, 188], [66, 219, 235]]",-1.0,-1.0,"[36.648, 37.312, 37.976, 37.97, 37.965]"
3077,76.8.213.231,"[[97, 75, 190], [97, 75, 188], [66, 219, 235]]",-1.0,-1.0,"[37.391, 37.351, 37.789, 38.043, 37.894]"
3078,76.8.213.231,"[[97, 75, 190], [97, 75, 188], [66, 219, 235]]",-1.0,-1.0,"[36.786, 37.514, 37.97, 38.105, 37.963]"
3079,76.8.213.231,"[[97, 75, 190], [97, 75, 188], [66, 219, 235]]",-1.0,-1.0,"[36.883, 37.142, 38.206, 37.831, 37.823]"
3080,76.8.213.231,"[[97, 75, 190], [97, 75, 188], [66, 219, 235]]",-1.0,-1.0,"[36.546, 38.124, 37.763, 38.029, 37.995]"
3081,76.8.213.231,"[[97, 75, 190], [97, 75, 188], [66, 219, 235]]",-1.0,-1.0,"[36.551, 37.195, 37.868, 37.715, 37.919]"
3082,76.8.213.231,"[[97, 75, 190], [97, 75, 188], [66, 219, 235]]",-1.0,-1.0,"[36.662, 37.205, 37.741, 37.733, 37.796]"
3083,76.8.213.231,"[[97, 75, 190], [97, 75, 188], [66, 219, 235]]",-1.0,-1.0,"[37.183, 37.163, 37.888, 37.731, 37.837]"
3084,76.8.213.231,"[[97, 75, 190], [97, 75, 188], [66, 219, 235]]",-1.0,-1.0,"[37.659, 37.724, 38.283, 38.281, 38.395]"
3085,76.8.213.231,"[[97, 75, 190], [97, 75, 188], [66, 219, 235]]",-1.0,-1.0,"[37.375, 37.416, 37.979, 40.268, 37.886]"
3086,76.8.213.231,"[[97, 75, 190], [97, 75, 188], [66, 219, 235]]",-1.0,-1.0,"[37.152, 37.194, 37.925, 37.718, 37.932]"
3087,76.8.213.231,"[[97, 75, 190], [97, 75, 188], [66, 219, 235]]",-1.0,-1.0,"[37.105, 37.187, 38.103, 37.681, 37.878]"
3088,76.8.213.231,"[[97, 75, 190], [97, 75, 188], [66, 219, 235]]",-1.0,-1.0,"[36.815, 37.323, 58.172, 37.782, 37.757]"
3089,76.8.213.231,"[[97, 75, 190], [97, 75, 188], [66, 219, 235]]",-1.0,-1.0,"[36.904, 37.324, 37.964, 61.008, 37.789]"
3090,76.8.213.231,"[[97, 75, 190], [97, 75, 188], [66, 219, 235]]",-1.0,-1.0,"[37.672, 37.297, 37.86, 37.718, 37.845]"
3091,76.8.213.231,"[[97, 75, 190], [97, 75, 188], [66, 219, 235]]",-1.0,-1.0,"[36.463, 37.165, 37.889, 37.737, 37.752]"
3092,76.8.213.231,"[[97, 75, 190], [97, 75, 188], [66, 219, 235]]",-1.0,-1.0,"[36.61, 37.323, 37.876, 37.792, 37.789]"
3093,76.8.213.231,"[[97, 75, 190], [97, 75, 188], [66, 219, 235]]",-1.0,-1.0,"[36.751, 37.214, 38.833, 37.816, 37.846]"
3094,76.8.213.231,"[[97, 75, 190], [97, 75, 188], [66, 219, 235]]",-1.0,-1.0,"[38.417, 40.523, 38.189, 38.405, 38.228]"
3095,76.8.213.231,"[[97, 75, 190], [97, 75, 188], [66, 219, 235]]",-1.0,-1.0,"[36.526, 37.168, 37.913, 38.28, 37.902]"
3096,76.8.213.231,"[[97, 75, 190], [97, 75, 188], [66, 219, 235]]",-1.0,-1.0,"[37.035, 37.11, 37.753, 37.771, 37.746]"
3097,76.8.213.231,"[[97, 75, 190], [97, 75, 188], [66, 219, 235]]",-1.0,-1.0,"[38.446, 40.996, 48.299, 38.635, 38.425]"
3098,76.8.213.231,"[[97, 75, 190], [97, 75, 188], [66, 219, 235]]",-1.0,-1.0,"[37.223, 37.22, 37.784, 37.754, 37.843]"
3099,76.8.213.231,"[[97, 75, 190], [97, 75, 188], [66, 219, 235]]",-1.0,-1.0,"[36.467, 37.377, 37.991, 37.797, 37.787]"
3100,76.8.213.231,"[[97, 75, 190], [97, 75, 188], [66, 219, 235]]",-1.0,-1.0,"[36.868, 37.601, 37.839, 37.835, 37.909]"
3101,76.8.213.231,"[[97, 75, 190], [97, 75, 188], [66, 219, 235]]",-1.0,-1.0,"[37.349, 37.399, 37.887, 37.894, 37.862]"
3102,76.8.213.231,"[[97, 75, 190], [97, 75, 188], [66, 219, 235]]",-1.0,-1.0,"[36.539, 37.145, 37.725, 39.06, 37.841]"
3103,76.8.213.231,"[[97, 75, 190], [97, 75, 188], [66, 219, 235]]",-1.0,-1.0,"[36.945, 37.354, 37.908, 37.765, 37.832]"
3104,76.8.213.231,"[[97, 75, 190], [97, 75, 188], [66, 219, 235]]",-1.0,-1.0,"[37.041, 37.387, 37.772, 37.73, 37.81]"
3105,76.8.213.231,"[[97, 75, 190], [97, 75, 188], [66, 219, 235]]",-1.0,-1.0,"[40.426, 37.728, 40.416, 37.893, 37.889]"
3106,76.8.213.231,"[[97, 75, 190], [97, 75, 188], [66, 219, 235]]",-1.0,-1.0,"[36.774, 37.195, 37.732, 37.729, 37.933]"
3107,76.8.213.231,"[[97, 75, 190], [97, 75, 188], [66, 219, 235]]",-1.0,-1.0,"[36.895, 37.184, 37.746, 37.744, 37.798]"
3108,76.8.213.231,"[[97, 75, 190], [97, 75, 188], [66, 219, 235]]",-1.0,-1.0,"[36.482, 37.501, 37.688, 37.718, 37.792]"
3109,76.8.213.231,"[[97, 75, 190], [97, 75, 188], [66, 219, 235]]",-1.0,-1.0,"[36.841, 37.176, 37.728, 37.721, 37.867]"
3110,76.8.213.231,"[[97, 75, 190], [97, 75, 188], [66, 219, 235]]",-1.0,-1.0,"[36.981, 37.478, 38.172, 38.168, 37.89]"
3111,76.8.213.231,"[[97, 75, 190], [97, 75, 188], [66, 219, 235]]",-1.0,-1.0,"[36.758, 38.288, 38.061, 38.271, 38.173]"
3112,76.8.213.231,"[[97, 75, 190], [97, 75, 188], [66, 219, 235]]",-1.0,-1.0,"[36.828, 37.199, 37.914, 37.691, 37.735]"
3113,76.8.213.231,"[[97, 75, 190], [97, 75, 188], [66, 219, 235]]",-1.0,-1.0,"[36.988, 37.605, 38.193, 38.067, 38.185]"
3114,76.8.213.231,"[[97, 75, 190], [97, 75, 188], [66, 219, 235]]",-1.0,-1.0,"[37.223, 37.149, 37.871, 37.71, 38.022]"
3115,76.8.213.231,"[[97, 75, 190], [97, 75, 188], [66, 219, 235]]",-1.0,-1.0,"[37.859, 37.44, 37.981, 37.821, 37.81]"
3116,76.8.213.231,"[[97, 75, 190], [97, 75, 188], [66, 219, 235]]",-1.0,-1.0,"[36.59, 37.257, 37.881, 40.206, 37.875]"
3117,76.8.213.231,"[[97, 75, 190], [97, 75, 188], [66, 219, 235]]",-1.0,-1.0,"[36.784, 37.47, 37.811, 37.698, 37.907]"
3118,76.8.213.231,"[[97, 75, 190], [97, 75, 188], [66, 219, 235]]",-1.0,-1.0,"[36.83, 37.083, 48.307, 37.744, 37.906]"
3119,76.8.213.231,"[[97, 75, 190], [97, 75, 188], [66, 219, 235]]",-1.0,-1.0,"[36.901, 37.465, 37.81, 38.57, 37.788]"
3120,76.8.213.231,"[[97, 75, 190], [97, 75, 188], [66, 219, 235]]",-1.0,-1.0,"[36.756, 37.347, 38.072, 38.064, 38.055]"
3121,76.8.213.231,"[[97, 75, 190], [97, 75, 188], [66, 219, 235]]",-1.0,-1.0,"[36.531, 37.323, 37.806, 37.694, 37.789]"
3122,76.8.213.231,"[[97, 75, 190], [97, 75, 188], [66, 219, 235]]",-1.0,-1.0,"[36.668, 37.171, 37.732, 37.727, 37.744]"
3123,76.8.213.231,"[[97, 75, 190], [97, 75, 188], [66, 219, 235]]",-1.0,-1.0,"[36.57, 37.245, 37.813, 37.74, 37.783]"
3124,76.8.213.231,"[[97, 75, 190], [97, 75, 188], [66, 219, 235]]",-1.0,-1.0,"[36.769, 37.411, 37.902, 37.715, 37.883]"
3125,76.8.213.231,"[[97, 75, 190], [97, 75, 188], [66, 219, 235]]",-1.0,-1.0,"[37.139, 37.179, 37.948, 37.726, 38.096]"
3126,76.8.213.231,"[[97, 75, 190], [97, 75, 188], [66, 219, 235]]",-1.0,-1.0,"[36.988, 37.205, 37.862, 37.764, 37.864]"
3127,76.8.213.231,"[[97, 75, 190], [97, 75, 188], [66, 219, 235]]",-1.0,-1.0,"[37.506, 37.58, 38.151, 37.972, 38.02]"
3128,76.8.213.231,"[[97, 75, 190], [97, 75, 188], [66, 219, 235]]",-1.0,-1.0,"[36.696, 37.202, 37.79, 37.971, 37.833]"
3129,76.8.213.231,"[[97, 75, 190], [97, 75, 188], [66, 219, 235]]",-1.0,-1.0,"[36.569, 37.162, 37.732, 37.693, 37.825]"
3130,76.8.213.231,"[[97, 75, 190], [97, 75, 188], [66, 219, 235]]",-1.0,-1.0,"[36.538, 37.26, 37.799, 37.797, 37.823]"
3131,76.8.213.231,"[[97, 75, 190], [97, 75, 188], [66, 219, 235]]",-1.0,-1.0,"[36.986, 37.342, 37.792, 37.783, 37.841]"
3132,76.8.213.231,"[[97, 75, 190], [97, 75, 188], [66, 219, 235]]",-1.0,-1.0,"[37.721, 39.558, 39.556, 39.553, 39.55]"
3133,76.8.213.231,"[[97, 75, 190], [97, 75, 188], [66, 219, 235]]",-1.0,-1.0,"[37.174, 37.444, 48.897, 38.435, 37.805]"
3134,76.8.213.231,"[[97, 75, 190], [97, 75, 188], [66, 219, 235]]",-1.0,-1.0,"[36.73, 38.475, 37.832, 37.956, 37.817]"
3135,76.8.213.231,"[[97, 75, 190], [97, 75, 188], [66, 219, 235]]",-1.0,-1.0,"[36.507, 37.164, 37.833, 37.778, 37.77]"
3136,76.8.213.231,"[[97, 75, 190], [97, 75, 188], [66, 219, 235]]",-1.0,-1.0,"[36.535, 37.362, 37.785, 37.775, 37.804]"
3137,76.8.213.231,"[[97, 75, 190], [97, 75, 188], [66, 219, 235]]",-1.0,-1.0,"[37.131, 37.155, 37.76, 37.713, 37.844]"
3138,76.8.213.231,"[[97, 75, 190], [97, 75, 188], [66, 219, 235]]",-1.0,-1.0,"[36.665, 37.2, 37.796, 37.787, 37.813]"
3139,76.8.213.231,"[[97, 75, 190], [97, 75, 188], [66, 219, 235]]",-1.0,-1.0,"[36.776, 37.069, 37.749, 37.683, 37.797]"
3140,76.8.213.231,"[[97, 75, 190], [97, 75, 188], [66, 219, 235]]",-1.0,-1.0,"[36.775, 37.243, 37.826, 37.693, 37.84]"
3141,76.8.213.231,"[[97, 75, 190], [97, 75, 188], [66, 219, 235]]",-1.0,-1.0,"[42.653, 42.649, 42.645, 42.641, 42.637]"
3142,76.8.213.231,"[[97, 75, 190], [97, 75, 188], [66, 219, 235]]",-1.0,-1.0,"[37.23, 37.317, 37.983, 37.818, 37.793]"
3143,76.8.213.231,"[[97, 75, 190], [97, 75, 188], [66, 219, 235]]",-1.0,-1.0,"[36.613, 37.231, 37.901, 37.812, 37.793]"
3144,76.8.213.231,"[[97, 75, 190], [97, 75, 188], [66, 219, 235]]",-1.0,-1.0,"[36.576, 37.267, 37.844, 37.842, 37.89]"
3145,76.8.213.231,"[[97, 75, 190], [97, 75, 188], [66, 219, 235]]",-1.0,-1.0,"[36.647, 39.072, 37.902, 38.103, 37.891]"
3146,76.8.213.231,"[[97, 75, 190], [97, 75, 188], [66, 219, 235]]",-1.0,-1.0,"[36.578, 37.452, 37.764, 52.204, 37.809]"
3147,76.8.213.231,"[[97, 75, 190], [97, 75, 188], [66, 219, 235]]",-1.0,-1.0,"[36.797, 37.374, 37.734, 37.725, 37.778]"
3148,76.8.213.231,"[[97, 75, 190], [97, 75, 188], [66, 219, 235]]",-1.0,-1.0,"[36.56, 37.213, 37.947, 37.677, 37.722]"
3149,76.8.213.231,"[[97, 75, 190], [97, 75, 188], [66, 219, 235]]",-1.0,-1.0,"[36.938, 37.07, 37.937, 37.738, 37.843]"
3150,76.8.213.231,"[[97, 75, 190], [97, 75, 188], [66, 219, 235]]",-1.0,-1.0,"[37.065, 37.223, 37.731, 37.727, 37.873]"
3151,76.8.213.231,"[[97, 75, 190], [97, 75, 188], [66, 219, 235]]",-1.0,-1.0,"[38.091, 37.499, 38.196, 37.679, 37.86]"
3152,76.8.213.231,"[[97, 75, 190], [97, 75, 188], [66, 219, 235]]",-1.0,-1.0,"[36.669, 37.138, 37.803, 37.8, 37.851]"
3153,76.8.213.231,"[[97, 75, 190], [97, 75, 188], [66, 219, 235]]",-1.0,-1.0,"[36.805, 37.194, 37.84, 37.801, 37.918]"
3154,76.8.213.231,"[[97, 75, 190], [97, 75, 188], [66, 219, 235]]",-1.0,-1.0,"[36.699, 37.189, 38.917, 37.694, 37.763]"
3155,76.8.213.231,"[[97, 75, 190], [97, 75, 188], [66, 219, 235]]",-1.0,-1.0,"[44.356, 37.37, 37.725, 37.721, 37.761]"
3156,76.8.213.231,"[[97, 75, 190], [97, 75, 188], [66, 219, 235]]",-1.0,-1.0,"[36.571, 37.173, 39.156, 37.785, 37.765]"
3157,76.8.213.231,"[[97, 75, 190], [97, 75, 188], [66, 219, 235]]",-1.0,-1.0,"[36.78, 37.368, 37.762, 37.811, 37.892]"
3158,76.8.213.231,"[[97, 75, 190], [97, 75, 188], [66, 219, 235]]",-1.0,-1.0,"[36.647, 37.184, 37.733, 38.474, 37.93]"
3159,76.8.213.231,"[[97, 75, 190], [97, 75, 188], [66, 219, 235]]",-1.0,-1.0,"[36.587, 37.236, 38.032, 38.234, 37.799]"
3160,76.8.213.231,"[[97, 75, 190], [97, 75, 188], [66, 219, 235]]",-1.0,-1.0,"[36.741, 37.542, 37.787, 40.671, 37.773]"
3161,76.8.213.231,"[[97, 75, 190], [97, 75, 188], [66, 219, 235]]",-1.0,-1.0,"[41.195, 38.274, 38.248, 38.16, 37.95]"
3162,76.8.213.231,"[[97, 75, 190], [97, 75, 188], [66, 219, 235]]",-1.0,-1.0,"[37.187, 37.376, 37.766, 37.715, 37.893]"
3163,76.8.213.231,"[[97, 75, 190], [97, 75, 188], [66, 219, 235]]",-1.0,-1.0,"[36.753, 37.32, 37.867, 37.745, 37.783]"
3164,76.8.213.231,"[[97, 75, 190], [97, 75, 188], [66, 219, 235]]",-1.0,-1.0,"[36.819, 39.243, 39.241, 37.999, 37.831]"
3165,76.8.213.231,"[[97, 75, 190], [97, 75, 188], [66, 219, 235]]",-1.0,-1.0,"[36.625, 37.324, 37.798, 37.715, 37.83]"
3166,76.8.213.231,"[[97, 75, 190], [97, 75, 188], [66, 219, 235]]",-1.0,-1.0,"[36.745, 37.254, 37.775, 37.835, 37.836]"
3167,76.8.213.231,"[[97, 75, 190], [97, 75, 188], [66, 219, 235]]",-1.0,-1.0,"[38.311, 37.335, 37.839, 37.772, 37.93]"
3168,76.8.213.231,"[[97, 75, 190], [97, 75, 188], [66, 219, 235]]",-1.0,-1.0,"[36.668, 37.707, 37.822, 37.818, 37.891]"
3169,76.8.213.231,"[[97, 75, 190], [97, 75, 188], [66, 219, 235]]",-1.0,-1.0,"[36.51, 37.272, 37.782, 39.647, 37.768]"
3170,76.8.213.231,"[[97, 75, 190], [97, 75, 188], [66, 219, 235]]",-1.0,-1.0,"[36.547, 37.329, 37.743, 38.182, 37.722]"
3171,76.8.213.231,"[[97, 75, 190], [97, 75, 188], [66, 219, 235]]",-1.0,-1.0,"[36.618, 37.122, 37.839, 37.804, 37.829]"
3172,76.8.213.231,"[[97, 75, 190], [97, 75, 188], [66, 219, 235]]",-1.0,-1.0,"[36.498, 37.089, 38.099, 37.739, 37.73]"
3173,76.8.213.231,"[[97, 75, 190], [97, 75, 188], [66, 219, 235]]",-1.0,-1.0,"[36.778, 37.166, 37.752, 39.793, 37.865]"
3174,76.8.213.231,"[[97, 75, 190], [97, 75, 188], [66, 219, 235]]",-1.0,-1.0,"[36.556, 37.335, 40.602, 37.855, 37.88]"
3175,76.8.213.231,"[[97, 75, 190], [97, 75, 188], [66, 219, 235]]",-1.0,-1.0,"[36.789, 37.279, 38.079, 37.755, 37.833]"
3176,76.8.213.231,"[[97, 75, 190], [97, 75, 188], [66, 219, 235]]",-1.0,-1.0,"[36.951, 37.265, 39.048, 38.884, 37.753]"
3177,76.8.213.231,"[[97, 75, 190], [97, 75, 188], [66, 219, 235]]",-1.0,-1.0,"[36.709, 37.288, 37.807, 37.805, 37.834]"
3178,76.8.213.231,"[[97, 75, 190], [97, 75, 188], [66, 219, 235]]",-1.0,-1.0,"[36.828, 37.468, 37.821, 37.793, 37.864]"
3179,76.8.213.231,"[[97, 75, 190], [97, 75, 188], [66, 219, 235]]",-1.0,-1.0,"[37.426, 37.18, 37.828, 37.762, 37.932]"
3180,76.8.213.231,"[[97, 75, 190], [97, 75, 188], [66, 219, 235]]",-1.0,-1.0,"[37.158, 37.273, 37.949, 37.756, 37.753]"
3181,76.8.213.231,"[[97, 75, 190], [97, 75, 188], [66, 219, 235]]",-1.0,-1.0,"[37.726, 37.794, 37.802, 38.031, 37.832]"
3182,76.8.213.231,"[[97, 75, 190], [97, 75, 188], [66, 219, 235]]",-1.0,-1.0,"[36.539, 37.231, 38.089, 37.732, 37.857]"
3183,76.8.213.231,"[[97, 75, 190], [97, 75, 188], [66, 219, 235]]",-1.0,-1.0,"[36.727, 37.369, 37.762, 37.819, 37.779]"
3184,76.8.213.231,"[[97, 75, 190], [97, 75, 188], [66, 219, 235]]",-1.0,-1.0,"[36.645, 37.368, 37.8, 37.738, 37.791]"
3185,76.8.213.231,"[[97, 75, 190], [97, 75, 188], [66, 219, 235]]",-1.0,-1.0,"[36.868, 37.394, 38.135, 38.279, 37.857]"
3186,76.8.213.231,"[[97, 75, 190], [97, 75, 188], [66, 219, 235]]",-1.0,-1.0,"[36.829, 38.155, 37.802, 38.098, 37.87]"
3187,76.8.213.231,"[[97, 75, 190], [97, 75, 188], [66, 219, 235]]",-1.0,-1.0,"[36.6, 37.329, 38.977, 37.768, 37.742]"
3188,76.8.213.231,"[[97, 75, 190], [97, 75, 188], [66, 219, 235]]",-1.0,-1.0,"[37.851, 38.458, 37.69, 42.124, 37.839]"
3189,76.8.213.231,"[[97, 75, 190], [97, 75, 188], [66, 219, 235]]",-1.0,-1.0,"[37.005, 37.184, 61.806, 37.809, 37.879]"
3190,76.8.213.231,"[[97, 75, 190], [97, 75, 188], [66, 219, 235]]",-1.0,-1.0,"[36.736, 37.364, 37.899, 37.889, 37.849]"
3191,76.8.213.231,"[[97, 75, 190], [97, 75, 188], [66, 219, 235]]",-1.0,-1.0,"[36.576, 37.124, 38.031, 39.379, 37.853]"
3192,76.8.213.231,"[[97, 75, 190], [97, 75, 188], [66, 219, 235]]",-1.0,-1.0,"[36.741, 37.69, 37.934, 37.817, 37.812]"
3193,76.8.213.231,"[[97, 75, 190], [97, 75, 188], [66, 219, 235]]",-1.0,-1.0,"[36.979, 37.257, 37.813, 37.693, 37.929]"
3194,76.8.213.231,"[[97, 75, 190], [97, 75, 188], [66, 219, 235]]",-1.0,-1.0,"[36.594, 37.256, 37.703, 37.871, 37.693]"
3195,76.8.213.231,"[[97, 75, 190], [97, 75, 188], [66, 219, 235]]",-1.0,-1.0,"[36.61, 37.677, 37.962, 42.897, 37.823]"
3196,76.8.213.231,"[[97, 75, 190], [97, 75, 188], [66, 219, 235]]",-1.0,-1.0,"[37.285, 40.325, 37.968, 40.535, 37.855]"
3197,76.8.213.231,"[[97, 75, 190], [97, 75, 188], [66, 219, 235]]",-1.0,-1.0,"[37.101, 37.321, 37.858, 37.768, 37.779]"
3198,76.8.213.231,"[[97, 75, 190], [97, 75, 188], [66, 219, 235]]",-1.0,-1.0,"[36.723, 37.141, 57.736, 37.716, 37.936]"
3199,76.8.213.231,"[[97, 75, 190], [97, 75, 188], [66, 219, 235]]",-1.0,-1.0,"[36.63, 37.329, 40.183, 37.71, 37.814]"
3200,76.8.213.231,"[[97, 75, 190], [97, 75, 188], [66, 219, 235]]",-1.0,-1.0,"[36.854, 37.471, 37.976, 37.973, 37.97]"
3201,76.8.213.231,"[[97, 75, 190], [97, 75, 188], [66, 219, 235]]",-1.0,-1.0,"[37.059, 37.485, 38.042, 37.978, 38.02]"
3202,76.8.213.231,"[[97, 75, 190], [97, 75, 188], [66, 219, 235]]",-1.0,-1.0,"[37.112, 37.427, 38.328, 37.766, 37.868]"
3203,76.8.213.231,"[[97, 75, 190], [97, 75, 188], [66, 219, 235]]",-1.0,-1.0,"[36.621, 37.327, 37.849, 37.838, 37.849]"
3204,76.8.213.231,"[[97, 75, 190], [97, 75, 188], [66, 219, 235]]",-1.0,-1.0,"[36.891, 37.439, 37.788, 37.78, 38.023]"
3205,76.8.213.231,"[[97, 75, 190], [97, 75, 188], [66, 219, 235]]",-1.0,-1.0,"[36.523, 37.409, 37.989, 37.745, 37.877]"
3206,76.8.213.231,"[[97, 75, 190], [97, 75, 188], [66, 219, 235]]",-1.0,-1.0,"[37.051, 37.64, 38.705, 37.804, 37.856]"
3207,76.8.213.231,"[[97, 75, 190], [97, 75, 188], [66, 219, 235]]",-1.0,-1.0,"[36.551, 37.154, 37.689, 37.658, 37.789]"
3208,76.8.213.231,"[[97, 75, 190], [97, 75, 188], [66, 219, 235]]",-1.0,-1.0,"[37.023, 37.343, 37.88, 37.848, 37.944]"
3209,76.8.213.231,"[[97, 75, 190], [97, 75, 188], [66, 219, 235]]",-1.0,-1.0,"[37.043, 37.503, 38.085, 37.755, 37.884]"
3210,76.8.213.231,"[[97, 75, 190], [97, 75, 188], [66, 219, 235]]",-1.0,-1.0,"[36.596, 37.379, 37.75, 37.803, 37.783]"
3211,76.8.213.231,"[[97, 75, 190], [97, 75, 188], [66, 219, 235]]",-1.0,-1.0,"[36.718, 37.191, 37.95, 38.17, 37.869]"
3212,76.8.213.231,"[[97, 75, 190], [97, 75, 188], [66, 219, 235]]",-1.0,-1.0,"[36.588, 37.432, 37.757, 37.69, 37.891]"
3213,76.8.213.231,"[[97, 75, 190], [97, 75, 188], [66, 219, 235]]",-1.0,-1.0,"[36.533, 37.117, 37.801, 37.799, 37.857]"
3214,76.8.213.231,"[[97, 75, 190], [97, 75, 188], [66, 219, 235]]",-1.0,-1.0,"[36.855, 37.342, 38.037, 37.978, 38.08]"
3215,76.8.213.231,"[[97, 75, 190], [97, 75, 188], [66, 219, 235]]",-1.0,-1.0,"[36.875, 37.228, 37.852, 37.718, 37.748]"
3216,76.8.213.231,"[[97, 75, 190], [97, 75, 188], [66, 219, 235]]",-1.0,-1.0,"[37.524, 38.095, 38.598, 38.622, 38.644]"
3217,76.8.213.231,"[[97, 75, 190], [97, 75, 188], [66, 219, 235]]",-1.0,-1.0,"[36.563, 37.295, 37.709, 37.702, 37.865]"
3218,76.8.213.231,"[[97, 75, 190], [97, 75, 188], [66, 219, 235]]",-1.0,-1.0,"[36.669, 37.163, 37.952, 37.708, 37.774]"
3219,76.8.213.231,"[[97, 75, 190], [97, 75, 188], [66, 219, 235]]",-1.0,-1.0,"[36.607, 37.381, 37.9, 38.554, 37.854]"
3220,76.8.213.231,"[[97, 75, 190], [97, 75, 188], [66, 219, 235]]",-1.0,-1.0,"[36.663, 38.072, 37.978, 37.976, 37.891]"
3221,76.8.213.231,"[[97, 75, 190], [97, 75, 188], [66, 219, 235]]",-1.0,-1.0,"[36.847, 37.21, 56.266, 37.681, 37.737]"
3222,76.8.213.231,"[[97, 75, 190], [97, 75, 188], [66, 219, 235]]",-1.0,-1.0,"[36.765, 55.187, 37.883, 38.126, 37.834]"
3223,76.8.213.231,"[[97, 75, 190], [97, 75, 188], [66, 219, 235]]",-1.0,-1.0,"[37.146, 37.235, 37.949, 37.912, 37.934]"
3224,76.8.213.231,"[[97, 75, 190], [97, 75, 188], [66, 219, 235]]",-1.0,-1.0,"[36.66, 37.075, 37.717, 37.703, 37.777]"
3225,76.8.213.231,"[[97, 75, 190], [97, 75, 188], [66, 219, 235]]",-1.0,-1.0,"[36.552, 37.779, 37.827, 38.267, 37.845]"
3226,76.8.213.231,"[[97, 75, 190], [97, 75, 188], [66, 219, 235]]",-1.0,-1.0,"[36.684, 37.188, 37.751, 37.741, 37.831]"
3227,76.8.213.231,"[[97, 75, 190], [97, 75, 188], [66, 219, 235]]",-1.0,-1.0,"[36.801, 37.333, 37.877, 56.961, 37.871]"
3228,76.8.213.231,"[[97, 75, 190], [97, 75, 188], [66, 219, 235]]",-1.0,-1.0,"[36.767, 37.119, 37.727, 37.678, 37.723]"
3229,76.8.213.231,"[[97, 75, 190], [97, 75, 188], [66, 219, 235]]",-1.0,-1.0,"[36.527, 37.109, 37.778, 37.723, 37.659]"
3230,76.8.213.231,"[[97, 75, 190], [97, 75, 188], [66, 219, 235]]",-1.0,-1.0,"[36.64, 37.287, 37.773, 37.737, 38.015]"
3231,76.8.213.231,"[[97, 75, 190], [97, 75, 188], [66, 219, 235]]",-1.0,-1.0,"[36.671, 37.232, 37.758, 37.755, 37.905]"
3232,76.8.213.231,"[[97, 75, 190], [97, 75, 188], [66, 219, 235]]",-1.0,-1.0,"[36.747, 39.303, 37.95, 53.593, 37.732]"
3233,76.8.213.231,"[[97, 75, 190], [97, 75, 188], [66, 219, 235]]",-1.0,-1.0,"[36.79, 37.318, 37.933, 37.767, 38.002]"
3234,76.8.213.231,"[[97, 75, 190], [97, 75, 188], [66, 219, 235]]",-1.0,-1.0,"[36.736, 37.268, 37.764, 37.678, 37.773]"
3235,76.8.213.231,"[[97, 75, 190], [97, 75, 188], [66, 219, 235]]",-1.0,-1.0,"[36.779, 37.48, 37.788, 37.75, 37.706]"
3236,76.8.213.231,"[[97, 75, 190], [97, 75, 188], [66, 219, 235]]",-1.0,-1.0,"[37.203, 37.352, 38.929, 37.851, 37.883]"
3237,76.8.213.231,"[[97, 75, 190], [97, 75, 188], [66, 219, 235]]",-1.0,-1.0,"[36.739, 37.331, 37.861, 37.726, 37.797]"
3238,76.8.213.231,"[[97, 75, 190], [97, 75, 188], [66, 219, 235]]",-1.0,-1.0,"[37.192, 37.251, 37.792, 53.15, 37.81]"
3239,76.8.213.231,"[[97, 75, 190], [97, 75, 188], [66, 219, 235]]",-1.0,-1.0,"[36.584, 37.158, 37.778, 37.719, 37.911]"
3240,76.8.213.231,"[[97, 75, 190], [97, 75, 188], [66, 219, 235]]",-1.0,-1.0,"[37.217, 37.289, 38.076, 37.852, 37.888]"
3241,76.8.213.231,"[[97, 75, 190], [97, 75, 188], [66, 219, 235]]",-1.0,-1.0,"[39.879, 37.32, 37.868, 38.478, 37.887]"
3242,76.8.213.231,"[[97, 75, 190], [97, 75, 188], [66, 219, 235]]",-1.0,-1.0,"[36.637, 37.377, 37.76, 37.756, 37.852]"
3243,76.8.213.231,"[[97, 75, 190], [97, 75, 188], [66, 219, 235]]",-1.0,-1.0,"[36.746, 37.215, 37.775, 37.685, 37.761]"
3244,76.8.213.231,"[[97, 75, 190], [97, 75, 188], [66, 219, 235]]",-1.0,-1.0,"[36.855, 37.107, 37.708, 39.026, 37.769]"
3245,76.8.213.231,"[[97, 75, 190], [97, 75, 188], [66, 219, 235]]",-1.0,-1.0,"[36.836, 37.225, 37.812, 37.678, 37.825]"
3246,76.8.213.231,"[[97, 75, 190], [97, 75, 188], [66, 219, 235]]",-1.0,-1.0,"[36.874, 37.262, 37.916, 37.804, 37.897]"
3247,76.8.213.231,"[[97, 75, 190], [97, 75, 188], [66, 219, 235]]",-1.0,-1.0,"[36.555, 37.526, 37.704, 39.66, 37.841]"
3248,76.8.213.231,"[[97, 75, 190], [97, 75, 188], [66, 219, 235]]",-1.0,-1.0,"[36.613, 37.19, 37.745, 37.782, 37.909]"
3249,76.8.213.231,"[[97, 75, 190], [97, 75, 188], [66, 219, 235]]",-1.0,-1.0,"[36.571, 37.166, 37.787, 37.768, 37.819]"
3250,76.8.213.231,"[[97, 75, 190], [97, 75, 188], [66, 219, 235]]",-1.0,-1.0,"[39.959, 37.458, 37.962, 37.732, 37.838]"
3251,76.8.213.231,"[[97, 75, 190], [97, 75, 188], [66, 219, 235]]",-1.0,-1.0,"[36.727, 37.408, 37.76, 37.672, 37.79]"
3252,76.8.213.231,"[[97, 75, 190], [97, 75, 188], [66, 219, 235]]",-1.0,-1.0,"[37.056, 37.371, 37.977, 37.809, 37.808]"
3253,76.8.213.231,"[[97, 75, 190], [97, 75, 188], [66, 219, 235]]",-1.0,-1.0,"[38.767, 37.365, 37.78, 37.702, 37.775]"
3254,76.8.213.231,"[[97, 75, 190], [97, 75, 188], [66, 219, 235]]",-1.0,-1.0,"[37.262, 37.208, 37.894, 37.729, 37.794]"
3255,76.8.213.231,"[[97, 75, 190], [97, 75, 188], [66, 219, 235]]",-1.0,-1.0,"[37.081, 37.142, 37.765, 37.711, 37.729]"
3256,76.8.213.231,"[[97, 75, 190], [97, 75, 188], [66, 219, 235]]",-1.0,-1.0,"[36.986, 37.745, 38.486, 38.483, 37.813]"
3257,76.8.213.231,"[[97, 75, 190], [97, 75, 188], [66, 219, 235]]",-1.0,-1.0,"[36.57, 37.182, 37.84, 37.755, 37.852]"
3258,76.8.213.231,"[[97, 75, 190], [97, 75, 188], [66, 219, 235]]",-1.0,-1.0,"[36.791, 37.297, 37.705, 37.743, 37.795]"
3259,76.8.213.231,"[[97, 75, 190], [97, 75, 188], [66, 219, 235]]",-1.0,-1.0,"[36.59, 37.427, 37.715, 37.796, 37.961]"
3260,76.8.213.231,"[[97, 75, 190], [97, 75, 188], [66, 219, 235]]",-1.0,-1.0,"[36.9, 37.608, 37.807, 37.725, 37.741]"
3261,76.8.213.231,"[[97, 75, 190], [97, 75, 188], [66, 219, 235]]",-1.0,-1.0,"[36.723, 37.184, 37.791, 37.734, 37.854]"
3262,76.8.213.231,"[[97, 75, 190], [97, 75, 188], [66, 219, 235]]",-1.0,-1.0,"[36.757, 37.282, 37.902, 38.813, 37.783]"
3263,76.8.213.231,"[[97, 75, 190], [97, 75, 188], [66, 219, 235]]",-1.0,-1.0,"[36.663, 37.191, 37.806, 37.692, 37.951]"
3264,76.8.213.231,"[[97, 75, 190], [97, 75, 188], [66, 219, 235]]",-1.0,-1.0,"[37.198, 37.295, 37.811, 37.806, 37.902]"
3265,76.8.213.231,"[[97, 75, 190], [97, 75, 188], [66, 219, 235]]",-1.0,-1.0,"[40.129, 37.473, 37.938, 37.748, 37.901]"
3266,76.8.213.231,"[[97, 75, 190], [97, 75, 188], [66, 219, 235]]",-1.0,-1.0,"[36.807, 37.226, 46.651, 37.729, 37.836]"
3267,76.8.213.231,"[[97, 75, 190], [97, 75, 188], [66, 219, 235]]",-1.0,-1.0,"[38.55, 37.382, 37.849, 37.819, 37.817]"
3268,76.8.213.231,"[[97, 75, 190], [97, 75, 188], [66, 219, 235]]",-1.0,-1.0,"[36.711, 49.852, 37.844, 38.037, 37.868]"
3269,76.8.213.231,"[[97, 75, 190], [97, 75, 188], [66, 219, 235]]",-1.0,-1.0,"[37.105, 37.176, 37.688, 37.676, 37.841]"
3270,76.8.213.231,"[[97, 75, 190], [97, 75, 188], [66, 219, 235]]",-1.0,-1.0,"[36.979, 37.355, 37.825, 42.68, 37.855]"
3271,76.8.213.231,"[[97, 75, 190], [97, 75, 188], [66, 219, 235]]",-1.0,-1.0,"[37.08, 40.673, 38.871, 38.051, 37.902]"
3272,76.8.213.231,"[[97, 75, 190], [97, 75, 188], [66, 219, 235]]",-1.0,-1.0,"[36.999, 37.966, 37.781, 37.966, 37.88]"
3273,76.8.213.231,"[[97, 75, 190], [97, 75, 188], [66, 219, 235]]",-1.0,-1.0,"[38.209, 37.277, 37.977, 37.758, 37.952]"
3274,76.8.213.231,"[[97, 75, 190], [97, 75, 188], [66, 219, 235]]",-1.0,-1.0,"[36.553, 37.507, 37.771, 37.728, 37.931]"
3275,76.8.213.231,"[[97, 75, 190], [97, 75, 188], [66, 219, 235]]",-1.0,-1.0,"[38.777, 38.626, 37.744, 38.297, 38.087]"
3276,76.8.213.231,"[[97, 75, 190], [97, 75, 188], [66, 219, 235]]",-1.0,-1.0,"[36.728, 37.241, 37.866, 38.157, 37.734]"
3277,76.8.213.231,"[[97, 75, 190], [97, 75, 188], [66, 219, 235]]",-1.0,-1.0,"[36.796, 37.138, 37.795, 37.775, 37.814]"
3278,76.8.213.231,"[[97, 75, 190], [97, 75, 188], [66, 219, 235]]",-1.0,-1.0,"[36.709, 37.094, 37.801, 37.716, 37.806]"
3279,76.8.213.231,"[[97, 75, 190], [97, 75, 188], [66, 219, 235]]",-1.0,-1.0,"[36.901, 37.281, 37.823, 37.795, 38.012]"
3280,76.8.213.231,"[[97, 75, 190], [97, 75, 188], [66, 219, 235]]",-1.0,-1.0,"[37.125, 37.262, 37.752, 42.743, 37.906]"
3281,76.8.213.231,"[[97, 75, 190], [97, 75, 188], [66, 219, 235]]",-1.0,-1.0,"[36.846, 37.157, 37.795, 37.738, 37.786]"
3282,76.8.213.231,"[[97, 75, 190], [97, 75, 188], [66, 219, 235]]",-1.0,-1.0,"[36.534, 38.277, 39.118, 38.042, 37.966]"
3283,76.8.213.231,"[[97, 75, 190], [97, 75, 188], [66, 219, 235]]",-1.0,-1.0,"[36.871, 37.37, 37.954, 37.66, 37.95]"
3284,76.8.213.231,"[[97, 75, 190], [97, 75, 188], [66, 219, 235]]",-1.0,-1.0,"[37.517, 44.266, 40.189, 41.34, 40.18]"
3285,76.8.213.231,"[[97, 75, 190], [97, 75, 188], [66, 219, 235]]",-1.0,-1.0,"[38.92, 38.916, 38.906, 38.902, 38.841]"
3286,76.8.213.231,"[[97, 75, 190], [97, 75, 188], [66, 219, 235]]",-1.0,-1.0,"[37.27, 37.376, 37.903, 37.724, 37.948]"
3287,76.8.213.231,"[[97, 75, 190], [97, 75, 188], [66, 219, 235]]",-1.0,-1.0,"[37.14, 37.171, 54.588, 37.708, 37.762]"
3288,76.8.213.231,"[[97, 75, 190], [97, 75, 188], [66, 219, 235]]",-1.0,-1.0,"[36.62, 37.166, 37.908, 37.882, 37.969]"
3289,76.8.213.231,"[[97, 75, 190], [97, 75, 188], [66, 219, 235]]",-1.0,-1.0,"[36.704, 37.149, 37.825, 37.821, 37.849]"
3290,76.8.213.231,"[[97, 75, 190], [97, 75, 188], [66, 219, 235]]",-1.0,-1.0,"[36.725, 37.419, 37.974, 37.716, 37.922]"
3291,76.8.213.231,"[[97, 75, 190], [97, 75, 188], [66, 219, 235]]",-1.0,-1.0,"[39.374, 37.25, 37.998, 37.994, 37.992]"
3292,76.8.213.231,"[[97, 75, 190], [97, 75, 188], [66, 219, 235]]",-1.0,-1.0,"[36.935, 37.221, 37.855, 37.749, 37.839]"
3293,76.8.213.231,"[[97, 75, 190], [97, 75, 188], [66, 219, 235]]",-1.0,-1.0,"[36.53, 37.237, 37.956, 39.096, 37.779]"
3294,76.8.213.231,"[[97, 75, 190], [97, 75, 188], [66, 219, 235]]",-1.0,-1.0,"[36.705, 37.259, 37.94, 37.777, 37.879]"
3295,76.8.213.231,"[[97, 75, 190], [97, 75, 188], [66, 219, 235]]",-1.0,-1.0,"[37.06, 37.268, 37.786, 37.779, 37.94]"
3296,76.8.213.231,"[[97, 75, 190], [97, 75, 188], [66, 219, 235]]",-1.0,-1.0,"[36.787, 39.784, 37.932, 38.088, 37.88]"
3297,76.8.213.231,"[[97, 75, 190], [97, 75, 188], [66, 219, 235]]",-1.0,-1.0,"[36.781, 38.322, 38.321, 38.316, 38.311]"
3298,76.8.213.231,"[[97, 75, 190], [97, 75, 188], [66, 219, 235]]",-1.0,-1.0,"[36.87, 38.418, 37.845, 38.009, 37.866]"
3299,76.8.213.231,"[[97, 75, 190], [97, 75, 188], [66, 219, 235]]",-1.0,-1.0,"[37.196, 37.287, 37.951, 37.742, 37.801]"
3300,76.8.213.231,"[[97, 75, 190], [97, 75, 188], [66, 219, 235]]",-1.0,-1.0,"[36.708, 37.354, 37.955, 37.931, 37.947]"
3301,76.8.213.231,"[[97, 75, 190], [97, 75, 188], [66, 219, 235]]",-1.0,-1.0,"[36.706, 37.25, 37.861, 37.857, 37.941]"
3302,76.8.213.231,"[[97, 75, 190], [97, 75, 188], [66, 219, 235]]",-1.0,-1.0,"[36.962, 37.428, 37.798, 37.845, 37.795]"
3303,76.8.213.231,"[[97, 75, 190], [97, 75, 188], [66, 219, 235]]",-1.0,-1.0,"[36.608, 37.512, 37.868, 37.778, 37.849]"
3304,76.8.213.231,"[[97, 75, 190], [97, 75, 188], [66, 219, 235]]",-1.0,-1.0,"[36.572, 37.962, 37.769, 37.988, 37.984]"
3305,76.8.213.231,"[[97, 75, 190], [97, 75, 188], [66, 219, 235]]",-1.0,-1.0,"[36.759, 37.147, 37.77, 37.74, 37.837]"
3306,76.8.213.231,"[[97, 75, 190], [97, 75, 188], [66, 219, 235]]",-1.0,-1.0,"[43.193, 37.388, 37.786, 37.779, 37.852]"
3307,76.8.213.231,"[[97, 75, 190], [97, 75, 188], [66, 219, 235]]",-1.0,-1.0,"[46.776, 37.077, 37.756, 44.43, 37.908]"
3308,76.8.213.231,"[[97, 75, 190], [97, 75, 188], [66, 219, 235]]",-1.0,-1.0,"[36.564, 37.409, 40.487, 38.225, 37.834]"
3309,76.8.213.231,"[[97, 75, 190], [97, 75, 188], [66, 219, 235]]",-1.0,-1.0,"[36.821, 45.903, 37.859, 38.605, 37.851]"
3310,76.8.213.231,"[[97, 75, 190], [97, 75, 188], [66, 219, 235]]",-1.0,-1.0,"[37.091, 37.572, 37.868, 37.865, 37.909]"
3311,76.8.213.231,"[[97, 75, 190], [97, 75, 188], [66, 219, 235]]",-1.0,-1.0,"[36.671, 37.404, 38.386, 37.763, 37.772]"
3312,76.8.213.231,"[[97, 75, 190], [97, 75, 188], [66, 219, 235]]",-1.0,-1.0,"[36.949, 37.321, 38.012, 37.939, 38.024]"
3313,76.8.213.231,"[[97, 75, 190], [97, 75, 188], [66, 219, 235]]",-1.0,-1.0,"[36.615, 37.528, 37.819, 37.815, 37.971]"
3314,76.8.213.231,"[[97, 75, 190], [97, 75, 188], [66, 219, 235]]",-1.0,-1.0,"[36.7, 37.027, 37.778, 37.758, 37.813]"
3315,76.8.213.231,"[[97, 75, 190], [97, 75, 188], [66, 219, 235]]",-1.0,-1.0,"[36.657, 37.398, 43.699, 37.772, 37.884]"
3316,76.8.213.231,"[[97, 75, 190], [97, 75, 188], [66, 219, 235]]",-1.0,-1.0,"[36.519, 37.342, 37.824, 37.691, 37.788]"
3317,76.8.213.231,"[[97, 75, 190], [97, 75, 188], [66, 219, 235]]",-1.0,-1.0,"[36.809, 37.262, 38.02, 37.662, 37.772]"
3318,76.8.213.231,"[[97, 75, 190], [97, 75, 188], [66, 219, 235]]",-1.0,-1.0,"[36.6, 42.187, 37.827, 38.07, 37.852]"
3319,76.8.213.231,"[[97, 75, 190], [97, 75, 188], [66, 219, 235]]",-1.0,-1.0,"[36.622, 37.252, 37.868, 37.863, 37.859]"
3320,76.8.213.231,"[[97, 75, 190], [97, 75, 188], [66, 219, 235]]",-1.0,-1.0,"[36.731, 37.275, 37.75, 37.727, 37.746]"
3321,76.8.213.231,"[[97, 75, 190], [97, 75, 188], [66, 219, 235]]",-1.0,-1.0,"[36.778, 38.979, 54.409, 38.257, 38.105]"
3322,76.8.213.231,"[[97, 75, 190], [97, 75, 188], [66, 219, 235]]",-1.0,-1.0,"[39.273, 37.159, 37.948, 37.739, 37.736]"
3323,76.8.213.231,"[[97, 75, 190], [97, 75, 188], [66, 219, 235]]",-1.0,-1.0,"[36.633, 38.016, 37.772, 38.019, 37.92]"
3324,76.8.213.231,"[[97, 75, 190], [97, 75, 188], [66, 219, 235]]",-1.0,-1.0,"[36.821, 37.151, 37.745, 37.743, 37.772]"
3325,76.8.213.231,"[[97, 75, 190], [97, 75, 188], [66, 219, 235]]",-1.0,-1.0,"[36.508, 37.307, 37.853, 58.095, 37.847]"
3326,76.8.213.231,"[[97, 75, 190], [97, 75, 188], [66, 219, 235]]",-1.0,-1.0,"[38.183, 37.309, 37.814, 37.737, 37.733]"
3327,76.8.213.231,"[[97, 75, 190], [97, 75, 188], [66, 219, 235]]",-1.0,-1.0,"[36.796, 37.365, 37.814, 37.811, 37.984]"
3328,76.8.213.231,"[[97, 75, 190], [97, 75, 188], [66, 219, 235]]",-1.0,-1.0,"[36.892, 41.09, 38.298, 38.295, 38.29]"
3329,76.8.213.231,"[[97, 75, 190], [97, 75, 188], [66, 219, 235]]",-1.0,-1.0,"[36.988, 37.275, 37.926, 37.793, 37.814]"
3330,76.8.213.231,"[[97, 75, 190], [97, 75, 188], [66, 219, 235]]",-1.0,-1.0,"[36.891, 37.232, 37.792, 37.782, 37.798]"
3331,76.8.213.231,"[[97, 75, 190], [97, 75, 188], [66, 219, 235]]",-1.0,-1.0,"[36.55, 37.318, 37.755, 38.754, 37.922]"
3332,76.8.213.231,"[[97, 75, 190], [97, 75, 188], [66, 219, 235]]",-1.0,-1.0,"[36.726, 38.107, 37.823, 38.038, 37.813]"
3333,76.8.213.231,"[[97, 75, 190], [97, 75, 188], [66, 219, 235]]",-1.0,-1.0,"[36.793, 37.359, 38.027, 37.745, 37.836]"
3334,76.8.213.231,"[[97, 75, 190], [97, 75, 188], [66, 219, 235]]",-1.0,-1.0,"[36.502, 37.518, 40.618, 37.983, 37.979]"
3335,76.8.213.231,"[[97, 75, 190], [97, 75, 188], [66, 219, 235]]",-1.0,-1.0,"[36.566, 37.293, 37.815, 37.717, 37.793]"
3336,76.8.213.231,"[[97, 75, 190], [97, 75, 188], [66, 219, 235]]",-1.0,-1.0,"[36.937, 37.371, 37.979, 37.723, 37.941]"
3337,76.8.213.231,"[[97, 75, 190], [97, 75, 188], [66, 219, 235]]",-1.0,-1.0,"[36.735, 37.254, 37.725, 37.718, 37.805]"
3338,76.8.213.231,"[[97, 75, 190], [97, 75, 188], [66, 219, 235]]",-1.0,-1.0,"[36.93, 37.098, 37.817, 37.813, 37.91]"
3339,76.8.213.231,"[[97, 75, 190], [97, 75, 188], [66, 219, 235]]",-1.0,-1.0,"[37.271, 38.032, 38.34, 38.352, 38.391]"
3340,76.8.213.231,"[[97, 75, 190], [97, 75, 188], [66, 219, 235]]",-1.0,-1.0,"[36.491, 37.176, 37.803, 37.8, 37.906]"
3341,76.8.213.231,"[[97, 75, 190], [97, 75, 188], [66, 219, 235]]",-1.0,-1.0,"[37.185, 37.263, 37.867, 38.718, 37.809]"
3342,76.8.213.231,"[[97, 75, 190], [97, 75, 188], [66, 219, 235]]",-1.0,-1.0,"[36.707, 37.616, 37.728, 37.714, 37.851]"
3343,76.8.213.231,"[[97, 75, 190], [97, 75, 188], [66, 219, 235]]",-1.0,-1.0,"[36.799, 37.329, 37.826, 37.99, 37.83]"
3344,76.8.213.231,"[[97, 75, 190], [97, 75, 188], [66, 219, 235]]",-1.0,-1.0,"[36.734, 37.291, 37.774, 37.765, 37.866]"
3345,76.8.213.231,"[[97, 75, 190], [97, 75, 188], [66, 219, 235]]",-1.0,-1.0,"[36.717, 37.153, 37.767, 37.764, 37.812]"
3346,76.8.213.231,"[[97, 75, 190], [97, 75, 188], [66, 219, 235]]",-1.0,-1.0,"[36.601, 42.815, 37.78, 38.172, 37.835]"
3347,76.8.213.231,"[[97, 75, 190], [97, 75, 188], [66, 219, 235]]",-1.0,-1.0,"[36.617, 37.152, 37.73, 37.72, 37.824]"
3348,76.8.213.231,"[[97, 75, 190], [97, 75, 188], [66, 219, 235]]",-1.0,-1.0,"[36.582, 45.367, 37.843, 38.141, 38.072]"
3349,76.8.213.231,"[[97, 75, 190], [97, 75, 188], [66, 219, 235]]",-1.0,-1.0,"[36.7, 37.041, 37.855, 37.708, 37.725]"
3350,76.8.213.231,"[[97, 75, 190], [97, 75, 188], [66, 219, 235]]",-1.0,-1.0,"[36.476, 37.224, 37.747, 37.74, 37.729]"
3351,76.8.213.231,"[[97, 75, 190], [97, 75, 188], [66, 219, 235]]",-1.0,-1.0,"[36.662, 37.36, 37.816, 37.691, 37.833]"
3352,76.8.213.231,"[[97, 75, 190], [97, 75, 188], [66, 219, 235]]",-1.0,-1.0,"[37.138, 40.187, 37.739, 37.994, 37.876]"
3353,76.8.213.231,"[[97, 75, 190], [97, 75, 188], [66, 219, 235]]",-1.0,-1.0,"[36.829, 37.434, 37.75, 37.738, 37.846]"
3354,76.8.213.231,"[[97, 75, 190], [97, 75, 188], [66, 219, 235]]",-1.0,-1.0,"[36.538, 37.181, 37.905, 37.732, 37.776]"
3355,76.8.213.231,"[[97, 75, 190], [97, 75, 188], [66, 219, 235]]",-1.0,-1.0,"[36.817, 37.037, 39.854, 37.698, 39.836]"
3356,76.8.213.231,"[[97, 75, 190], [97, 75, 188], [66, 219, 235]]",-1.0,-1.0,"[36.789, 37.192, 37.863, 37.772, 37.89]"
3357,76.8.213.231,"[[97, 75, 190], [97, 75, 188], [66, 219, 235]]",-1.0,-1.0,"[36.684, 37.183, 37.776, 37.77, 37.87]"
3358,76.8.213.231,"[[97, 75, 190], [97, 75, 188], [66, 219, 235]]",-1.0,-1.0,"[40.579, 37.153, 37.866, 37.811, 37.947]"
3359,76.8.213.231,"[[97, 75, 190], [97, 75, 188], [66, 219, 235]]",-1.0,-1.0,"[36.811, 37.231, 37.803, 37.734, 37.797]"
3360,76.8.213.231,"[[97, 75, 190], [97, 75, 188], [66, 219, 235]]",-1.0,-1.0,"[36.58, 37.212, 37.705, 37.701, 37.762]"
3361,76.8.213.231,"[[97, 75, 190], [97, 75, 188], [66, 219, 235]]",-1.0,-1.0,"[36.547, 37.103, 37.749, 37.782, 37.767]"
3362,76.8.213.231,"[[97, 75, 190], [97, 75, 188], [66, 219, 235]]",-1.0,-1.0,"[37.708, 37.4, 37.724, 37.674, 37.781]"
3363,76.8.213.231,"[[97, 75, 190], [97, 75, 188], [66, 219, 235]]",-1.0,-1.0,"[36.539, 37.109, 37.765, 37.791, 37.789]"
3364,76.8.213.231,"[[97, 75, 190], [97, 75, 188], [66, 219, 235]]",-1.0,-1.0,"[36.59, 37.149, 37.791, 39.594, 37.781]"
3365,76.8.213.231,"[[97, 75, 190], [97, 75, 188], [66, 219, 235]]",-1.0,-1.0,"[36.939, 37.319, 37.909, 37.744, 37.811]"
3366,76.8.213.231,"[[97, 75, 190], [97, 75, 188], [66, 219, 235]]",-1.0,-1.0,"[36.97, 37.25, 53.692, 38.946, 38.943]"
3367,76.8.213.231,"[[97, 75, 190], [97, 75, 188], [66, 219, 235]]",-1.0,-1.0,"[37.162, 37.456, 37.957, 37.773, 37.921]"
3368,76.8.213.231,"[[97, 75, 190], [97, 75, 188], [66, 219, 235]]",-1.0,-1.0,"[36.697, 37.197, 37.97, 37.736, 37.906]"
3369,76.8.213.231,"[[97, 75, 190], [97, 75, 188], [66, 219, 235]]",-1.0,-1.0,"[36.604, 37.067, 37.743, 37.74, 37.735]"
3370,76.8.213.231,"[[97, 75, 190], [97, 75, 188], [66, 219, 235]]",-1.0,-1.0,"[37.025, 37.364, 37.829, 37.826, 38.389]"
3371,76.8.213.231,"[[97, 75, 190], [97, 75, 188], [66, 219, 235]]",-1.0,-1.0,"[37.344, 37.34, 37.91, 38.003, 37.779]"
3372,76.8.213.231,"[[97, 75, 190], [97, 75, 188], [66, 219, 235]]",-1.0,-1.0,"[37.141, 37.188, 37.775, 37.799, 37.971]"
3373,76.8.213.231,"[[97, 75, 190], [97, 75, 188], [66, 219, 235]]",-1.0,-1.0,"[36.547, 37.212, 37.898, 37.67, 37.94]"
3374,76.8.213.231,"[[97, 75, 190], [97, 75, 188], [66, 219, 235]]",-1.0,-1.0,"[37.104, 37.212, 49.922, 38.639, 37.851]"
3375,76.8.213.231,"[[97, 75, 190], [97, 75, 188], [66, 219, 235]]",-1.0,-1.0,"[36.679, 37.57, 37.957, 37.714, 37.885]"
3376,76.8.213.231,"[[97, 75, 190], [97, 75, 188], [66, 219, 235]]",-1.0,-1.0,"[37.002, 37.3, 37.719, 37.789, 37.761]"
3377,76.8.213.231,"[[97, 75, 190], [97, 75, 188], [66, 219, 235]]",-1.0,-1.0,"[36.55, 37.708, 38.015, 37.911, 37.989]"
3378,76.8.213.231,"[[97, 75, 190], [97, 75, 188], [66, 219, 235]]",-1.0,-1.0,"[37.146, 37.28, 38.108, 37.724, 37.899]"
3379,76.8.213.231,"[[97, 75, 190], [97, 75, 188], [66, 219, 235]]",-1.0,-1.0,"[36.727, 37.259, 37.799, 37.796, 37.846]"
3380,76.8.213.231,"[[97, 75, 190], [97, 75, 188], [66, 219, 235]]",-1.0,-1.0,"[37.704, 37.18, 37.974, 37.689, 37.954]"
3381,76.8.213.231,"[[97, 75, 190], [97, 75, 188], [66, 219, 235]]",-1.0,-1.0,"[39.247, 38.669, 37.728, 37.889, 37.81]"
3382,76.8.213.231,"[[97, 75, 190], [97, 75, 188], [66, 219, 235]]",-1.0,-1.0,"[36.813, 37.192, 37.779, 37.745, 37.889]"
3383,76.8.213.231,"[[97, 75, 190], [97, 75, 188], [66, 219, 235]]",-1.0,-1.0,"[37.189, 37.129, 37.766, 37.745, 37.862]"
3384,76.8.213.231,"[[97, 75, 190], [97, 75, 188], [66, 219, 235]]",-1.0,-1.0,"[36.608, 37.23, 37.864, 37.796, 37.828]"
3385,76.8.213.231,"[[97, 75, 190], [97, 75, 188], [66, 219, 235]]",-1.0,-1.0,"[36.479, 37.201, 37.772, 59.658, 37.874]"
3386,76.8.213.231,"[[97, 75, 190], [97, 75, 188], [66, 219, 235]]",-1.0,-1.0,"[36.804, 83.914, 37.713, 38.303, 37.96]"
3387,76.8.213.231,"[[97, 75, 190], [97, 75, 188], [66, 219, 235]]",-1.0,-1.0,"[36.985, 37.061, 37.73, 37.715, 37.778]"
3388,76.8.213.231,"[[97, 75, 190], [97, 75, 188], [66, 219, 235]]",-1.0,-1.0,"[36.726, 37.173, 37.835, 37.831, 37.98]"
3389,76.8.213.231,"[[97, 75, 190], [97, 75, 188], [66, 219, 235]]",-1.0,-1.0,"[36.711, 37.143, 38.058, 37.758, 37.756]"
3390,76.8.213.231,"[[97, 75, 190], [97, 75, 188], [66, 219, 235]]",-1.0,-1.0,"[56.667, 37.469, 37.944, 37.68, 37.791]"
3391,76.8.213.231,"[[97, 75, 190], [97, 75, 188], [66, 219, 235]]",-1.0,-1.0,"[36.584, 57.156, 37.782, 38.038, 37.919]"
3392,76.8.213.231,"[[97, 75, 190], [97, 75, 188], [66, 219, 235]]",-1.0,-1.0,"[36.469, 42.436, 37.806, 37.952, 37.8]"
3393,76.8.213.231,"[[97, 75, 190], [97, 75, 188], [66, 219, 235]]",-1.0,-1.0,"[37.225, 37.343, 37.815, 37.842, 37.836]"
3394,76.8.213.231,"[[97, 75, 190], [97, 75, 188], [66, 219, 235]]",-1.0,-1.0,"[36.808, 37.242, 37.747, 37.834, 37.831]"
3395,76.8.213.231,"[[97, 75, 190], [97, 75, 188], [66, 219, 235]]",-1.0,-1.0,"[36.948, 37.163, 37.763, 38.599, 37.864]"
3396,76.8.213.231,"[[97, 75, 190], [97, 75, 188], [66, 219, 235]]",-1.0,-1.0,"[36.683, 37.118, 37.772, 38.509, 37.878]"
3397,76.8.213.231,"[[97, 75, 190], [97, 75, 188], [66, 219, 235]]",-1.0,-1.0,"[36.609, 37.413, 37.682, 37.676, 37.754]"
3398,76.8.213.231,"[[97, 75, 190], [97, 75, 188], [66, 219, 235]]",-1.0,-1.0,"[36.49, 37.287, 37.986, 37.735, 37.924]"
3399,76.8.213.231,"[[97, 75, 190], [97, 75, 188], [66, 219, 235]]",-1.0,-1.0,"[37.098, 37.386, 37.829, 37.827, 37.824]"
3400,76.8.213.231,"[[97, 75, 190], [97, 75, 188], [66, 219, 235]]",-1.0,-1.0,"[36.599, 37.383, 37.856, 37.711, 37.785]"
3401,76.8.213.231,"[[97, 75, 190], [97, 75, 188], [66, 219, 235]]",-1.0,-1.0,"[36.723, 37.43, 37.893, 38.244, 37.75]"
3402,76.8.213.231,"[[97, 75, 190], [97, 75, 188], [66, 219, 235]]",-1.0,-1.0,"[37.037, 37.202, 37.818, 37.795, 37.923]"
3403,76.8.213.231,"[[97, 75, 190], [97, 75, 188], [66, 219, 235]]",-1.0,-1.0,"[36.605, 37.335, 37.956, 37.841, 37.827]"
3404,76.8.213.231,"[[97, 75, 190], [97, 75, 188], [66, 219, 235]]",-1.0,-1.0,"[37.267, 37.364, 38.097, 38.569, 38.172]"
3405,76.8.213.231,"[[97, 75, 190], [97, 75, 188], [66, 219, 235]]",-1.0,-1.0,"[36.607, 37.095, 37.916, 37.781, 37.766]"
3406,76.8.213.231,"[[97, 75, 190], [97, 75, 188], [66, 219, 235]]",-1.0,-1.0,"[36.737, 37.255, 37.754, 37.719, 37.807]"
3407,76.8.213.231,"[[97, 75, 190], [97, 75, 188], [66, 219, 235]]",-1.0,-1.0,"[36.852, 37.262, 37.768, 37.869, 37.888]"
3408,76.8.213.231,"[[97, 75, 190], [97, 75, 188], [66, 219, 235]]",-1.0,-1.0,"[36.689, 37.194, 37.881, 37.723, 37.806]"
3409,76.8.213.231,"[[97, 75, 190], [97, 75, 188], [66, 219, 235]]",-1.0,-1.0,"[36.503, 37.116, 37.851, 38.887, 37.834]"
3410,76.8.213.231,"[[97, 75, 190], [97, 75, 188], [66, 219, 235]]",-1.0,-1.0,"[38.706, 37.417, 37.877, 37.874, 38.144]"
3411,76.8.213.231,"[[97, 75, 190], [97, 75, 188], [66, 219, 235]]",-1.0,-1.0,"[44.617, 37.36, 37.909, 39.571, 37.892]"
3412,76.8.213.231,"[[97, 75, 190], [97, 75, 188], [66, 219, 235]]",-1.0,-1.0,"[36.743, 37.139, 37.808, 37.804, 37.861]"
3413,76.8.213.231,"[[97, 75, 190], [97, 75, 188], [66, 219, 235]]",-1.0,-1.0,"[36.72, 38.735, 37.898, 38.169, 38.069]"
3414,76.8.213.231,"[[97, 75, 190], [97, 75, 188], [66, 219, 235]]",-1.0,-1.0,"[37.343, 40.808, 37.891, 38.142, 37.83]"
3415,76.8.213.231,"[[97, 75, 190], [97, 75, 188], [66, 219, 235]]",-1.0,-1.0,"[36.597, 37.237, 38.078, 37.769, 38.04]"
3416,76.8.213.231,"[[97, 75, 190], [97, 75, 188], [66, 219, 235]]",-1.0,-1.0,"[36.602, 37.341, 37.949, 37.827, 37.897]"
3417,76.8.213.231,"[[97, 75, 190], [97, 75, 188], [66, 219, 235]]",-1.0,-1.0,"[36.652, 38.191, 37.92, 38.041, 37.896]"
3418,76.8.213.231,"[[97, 75, 190], [97, 75, 188], [66, 219, 235]]",-1.0,-1.0,"[38.808, 39.013, 38.789, 39.001, 38.778]"
3419,76.8.213.231,"[[97, 75, 190], [97, 75, 188], [66, 219, 235]]",-1.0,-1.0,"[36.551, 41.804, 37.81, 38.08, 37.83]"
3420,76.8.213.231,"[[97, 75, 190], [97, 75, 188], [66, 219, 235]]",-1.0,-1.0,"[36.615, 40.064, 37.923, 38.072, 37.876]"
3421,76.8.213.231,"[[97, 75, 190], [97, 75, 188], [66, 219, 235]]",-1.0,-1.0,"[37.282, 39.06, 37.958, 37.972, 37.824]"
3422,76.8.213.231,"[[97, 75, 190], [97, 75, 188], [66, 219, 235]]",-1.0,-1.0,"[36.638, 37.164, 38.009, 37.795, 37.835]"
3423,76.8.213.231,"[[97, 75, 190], [97, 75, 188], [66, 219, 235]]",-1.0,-1.0,"[36.658, 37.415, 37.938, 37.788, 37.799]"
3424,76.8.213.231,"[[97, 75, 190], [97, 75, 188], [66, 219, 235]]",-1.0,-1.0,"[36.782, 38.802, 37.934, 38.124, 37.927]"
3425,76.8.213.231,"[[97, 75, 190], [97, 75, 188], [66, 219, 235]]",-1.0,-1.0,"[36.621, 37.342, 37.76, 37.718, 37.749]"
3426,76.8.213.231,"[[97, 75, 190], [97, 75, 188], [66, 219, 235]]",-1.0,-1.0,"[36.506, 38.131, 37.771, 38.109, 38.105]"
3427,76.8.213.231,"[[97, 75, 190], [97, 75, 188], [66, 219, 235]]",-1.0,-1.0,"[37.231, 37.972, 38.279, 38.216, 38.305]"
3428,76.8.213.231,"[[97, 75, 190], [97, 75, 188], [66, 219, 235]]",-1.0,-1.0,"[36.651, 37.778, 37.856, 37.768, 37.855]"
3429,76.8.213.231,"[[97, 75, 190], [97, 75, 188], [66, 219, 235]]",-1.0,-1.0,"[36.946, 37.385, 50.919, 37.721, 37.807]"
3430,76.8.213.231,"[[97, 75, 190], [97, 75, 188], [66, 219, 235]]",-1.0,-1.0,"[36.605, 37.748, 37.828, 37.775, 37.995]"
3431,76.8.213.231,"[[97, 75, 190], [97, 75, 188], [66, 219, 235]]",-1.0,-1.0,"[37.329, 37.39, 37.965, 37.776, 37.913]"
3432,76.8.213.231,"[[97, 75, 190], [97, 75, 188], [66, 219, 235]]",-1.0,-1.0,"[37.064, 37.491, 37.791, 39.441, 37.812]"
3433,76.8.213.231,"[[97, 75, 190], [97, 75, 188], [66, 219, 235]]",-1.0,-1.0,"[36.559, 38.009, 38.006, 38.001, 37.987]"
3434,76.8.213.231,"[[97, 75, 190], [97, 75, 188], [66, 219, 235]]",-1.0,-1.0,"[36.78, 37.252, 37.805, 37.709, 37.96]"
3435,76.8.213.231,"[[97, 75, 190], [97, 75, 188], [66, 219, 235]]",-1.0,-1.0,"[36.673, 37.253, 49.256, 38.294, 37.885]"
3436,76.8.213.231,"[[97, 75, 190], [97, 75, 188], [66, 219, 235]]",-1.0,-1.0,"[36.762, 37.448, 37.857, 37.661, 37.788]"
3437,76.8.213.231,"[[97, 75, 190], [97, 75, 188], [66, 219, 235]]",-1.0,-1.0,"[36.55, 37.299, 37.764, 37.733, 37.839]"
3438,76.8.213.231,"[[97, 75, 190], [97, 75, 188], [66, 219, 235]]",-1.0,-1.0,"[36.659, 37.23, 37.886, 37.719, 37.823]"
3439,76.8.213.231,"[[97, 75, 190], [97, 75, 188], [66, 219, 235]]",-1.0,-1.0,"[36.979, 46.358, 37.796, 38.138, 37.79]"
3440,76.8.213.231,"[[97, 75, 190], [97, 75, 188], [66, 219, 235]]",-1.0,-1.0,"[36.633, 37.232, 37.98, 37.769, 37.833]"
3441,76.8.213.231,"[[97, 75, 190], [97, 75, 188], [66, 219, 235]]",-1.0,-1.0,"[61.262, 37.195, 37.752, 40.42, 37.866]"
3442,76.8.213.231,"[[97, 75, 190], [97, 75, 188], [66, 219, 235]]",-1.0,-1.0,"[37.19, 37.372, 37.964, 50.755, 38.0]"
3443,76.8.213.231,"[[97, 75, 190], [97, 75, 188], [66, 219, 235]]",-1.0,-1.0,"[37.011, 37.383, 37.978, 37.967, 37.885]"
3444,76.8.213.231,"[[97, 75, 190], [97, 75, 188], [66, 219, 235]]",-1.0,-1.0,"[36.847, 37.385, 37.953, 37.672, 37.838]"
3445,76.8.213.231,"[[97, 75, 190], [97, 75, 188], [66, 219, 235]]",-1.0,-1.0,"[37.11, 37.337, 37.724, 37.842, 37.838]"
3446,76.8.213.231,"[[97, 75, 190], [97, 75, 188], [66, 219, 235]]",-1.0,-1.0,"[36.509, 37.163, 37.672, 37.663, 37.812]"
3447,76.8.213.231,"[[97, 75, 190], [97, 75, 188], [66, 219, 235]]",-1.0,-1.0,"[37.978, 37.075, 37.929, 37.756, 37.776]"
3448,76.8.213.231,"[[97, 75, 190], [97, 75, 188], [66, 219, 235]]",-1.0,-1.0,"[37.23, 37.281, 37.883, 37.875, 37.904]"
3449,76.8.213.231,"[[97, 75, 190], [97, 75, 188], [66, 219, 235]]",-1.0,-1.0,"[37.007, 37.364, 38.146, 37.717, 37.777]"
3450,76.8.213.231,"[[97, 75, 190], [97, 75, 188], [66, 219, 235]]",-1.0,-1.0,"[37.149, 37.322, 37.783, 38.162, 37.775]"
3451,76.8.213.231,"[[97, 75, 190], [97, 75, 188], [66, 219, 235]]",-1.0,-1.0,"[36.596, 42.571, 38.018, 41.532, 37.821]"
3452,76.8.213.231,"[[97, 75, 190], [97, 75, 188], [66, 219, 235]]",-1.0,-1.0,"[36.643, 39.382, 37.886, 38.06, 37.909]"
3453,76.8.213.231,"[[97, 75, 190], [97, 75, 188], [66, 219, 235]]",-1.0,-1.0,"[36.584, 37.25, 37.749, 37.68, 37.82]"
3454,76.8.213.231,"[[97, 75, 190], [97, 75, 188], [66, 219, 235]]",-1.0,-1.0,"[36.793, 37.166, 37.96, 39.474, 37.731]"
3455,76.8.213.231,"[[97, 75, 190], [97, 75, 188], [66, 219, 235]]",-1.0,-1.0,"[36.668, 37.272, 37.93, 37.926, 37.923]"
3456,76.8.213.231,"[[97, 75, 190], [97, 75, 188], [66, 219, 235]]",-1.0,-1.0,"[36.874, 37.142, 37.739, 47.269, 37.717]"
3457,76.8.213.231,"[[97, 75, 190], [97, 75, 188], [66, 219, 235]]",-1.0,-1.0,"[36.713, 37.349, 37.764, 37.75, 37.857]"
3458,76.8.213.231,"[[97, 75, 190], [97, 75, 188], [66, 219, 235]]",-1.0,-1.0,"[36.564, 38.211, 38.096, 38.199, 37.915]"
3459,76.8.213.231,"[[97, 75, 190], [97, 75, 188], [66, 219, 235]]",-1.0,-1.0,"[36.936, 37.422, 37.797, 38.291, 38.288]"
3460,76.8.213.231,"[[97, 75, 190], [97, 75, 188], [66, 219, 235]]",-1.0,-1.0,"[36.749, 37.396, 37.856, 40.773, 37.994]"
3461,76.8.213.231,"[[97, 75, 190], [97, 75, 188], [66, 219, 235]]",-1.0,-1.0,"[36.651, 37.332, 38.122, 37.721, 37.79]"
3462,76.8.213.231,"[[97, 75, 190], [97, 75, 188], [66, 219, 235]]",-1.0,-1.0,"[36.67, 37.338, 38.026, 37.78, 37.778]"
3463,76.8.213.231,"[[97, 75, 190], [97, 75, 188], [66, 219, 235]]",-1.0,-1.0,"[36.668, 38.253, 37.795, 38.173, 37.787]"
3464,76.8.213.231,"[[97, 75, 190], [97, 75, 188], [66, 219, 235]]",-1.0,-1.0,"[36.56, 37.194, 37.823, 37.785, 37.804]"
3465,76.8.213.231,"[[97, 75, 190], [97, 75, 188], [66, 219, 235]]",-1.0,-1.0,"[37.041, 37.266, 37.751, 37.711, 37.751]"
3466,76.8.213.231,"[[97, 75, 190], [97, 75, 188], [66, 219, 235]]",-1.0,-1.0,"[36.555, 37.123, 37.699, 37.787, 37.779]"
3467,76.8.213.231,"[[97, 75, 190], [97, 75, 188], [66, 219, 235]]",-1.0,-1.0,"[36.816, 37.303, 37.805, 37.686, 37.8]"
3468,76.8.213.231,"[[97, 75, 190], [97, 75, 188], [66, 219, 235]]",-1.0,-1.0,"[36.512, 37.433, 37.872, 37.743, 37.89]"
3469,76.8.213.231,"[[97, 75, 190], [97, 75, 188], [66, 219, 235]]",-1.0,-1.0,"[41.266, 37.109, 37.816, 37.813, 37.809]"
3470,76.8.213.231,"[[97, 75, 190], [97, 75, 188], [66, 219, 235]]",-1.0,-1.0,"[36.678, 37.069, 37.715, 37.802, 37.798]"
3471,76.8.213.231,"[[97, 75, 190], [97, 75, 188], [66, 219, 235]]",-1.0,-1.0,"[37.472, 37.122, 37.803, 37.673, 37.777]"
3472,76.8.213.231,"[[97, 75, 190], [97, 75, 188], [66, 219, 235]]",-1.0,-1.0,"[36.799, 37.455, 37.729, 37.821, 37.799]"
3473,76.8.213.231,"[[97, 75, 190], [97, 75, 188], [66, 219, 235]]",-1.0,-1.0,"[36.647, 37.358, 37.767, 37.763, 37.871]"
3474,76.8.213.231,"[[97, 75, 190], [97, 75, 188], [66, 219, 235]]",-1.0,-1.0,"[36.601, 38.011, 37.969, 38.003, 37.913]"
3475,76.8.213.231,"[[97, 75, 190], [97, 75, 188], [66, 219, 235]]",-1.0,-1.0,"[36.704, 37.156, 37.775, 37.771, 37.792]"
3476,76.8.213.231,"[[97, 75, 190], [97, 75, 188], [66, 219, 235]]",-1.0,-1.0,"[36.516, 37.322, 37.81, 38.029, 37.984]"
3477,76.8.213.231,"[[97, 75, 190], [97, 75, 188], [66, 219, 235]]",-1.0,-1.0,"[51.515, 37.338, 38.161, 37.692, 37.782]"
3478,76.8.213.231,"[[97, 75, 190], [97, 75, 188], [66, 219, 235]]",-1.0,-1.0,"[36.742, 37.245, 37.782, 37.78, 37.774]"
3479,76.8.213.231,"[[97, 75, 190], [97, 75, 188], [66, 219, 235]]",-1.0,-1.0,"[36.698, 37.347, 37.828, 37.669, 37.781]"
3480,76.8.213.231,"[[97, 75, 190], [97, 75, 188], [66, 219, 235]]",-1.0,-1.0,"[36.755, 37.41, 37.78, 38.664, 37.999]"
3481,76.8.213.231,"[[97, 75, 190], [97, 75, 188], [66, 219, 235]]",-1.0,-1.0,"[36.981, 37.206, 37.726, 37.691, 37.832]"
3482,76.8.213.231,"[[97, 75, 190], [97, 75, 188], [66, 219, 235]]",-1.0,-1.0,"[36.948, 56.885, 37.957, 37.953, 37.895]"
3483,76.8.213.231,"[[97, 75, 190], [97, 75, 188], [66, 219, 235]]",-1.0,-1.0,"[39.423, 37.445, 37.971, 37.774, 37.8]"
3484,76.8.213.231,"[[97, 75, 190], [97, 75, 188], [66, 219, 235]]",-1.0,-1.0,"[36.707, 37.381, 37.776, 37.756, 37.787]"
3485,76.8.213.231,"[[97, 75, 190], [97, 75, 188], [66, 219, 235]]",-1.0,-1.0,"[36.618, 37.672, 38.021, 37.7, 37.748]"
3486,76.8.213.231,"[[97, 75, 190], [97, 75, 188], [66, 219, 235]]",-1.0,-1.0,"[36.772, 37.902, 37.737, 37.935, 37.823]"
3487,76.8.213.231,"[[97, 75, 190], [97, 75, 188], [66, 219, 235]]",-1.0,-1.0,"[36.466, 37.059, 37.748, 38.42, 37.804]"
3488,76.8.213.231,"[[97, 75, 190], [97, 75, 188], [66, 219, 235]]",-1.0,-1.0,"[36.674, 37.47, 37.829, 37.757, 37.845]"
3489,76.8.213.231,"[[97, 75, 190], [97, 75, 188], [66, 219, 235]]",-1.0,-1.0,"[37.08, 37.057, 37.769, 37.812, 37.764]"
3490,76.8.213.231,"[[97, 75, 190], [97, 75, 188], [66, 219, 235]]",-1.0,-1.0,"[36.653, 37.16, 37.739, 37.71, 37.73]"
3491,76.8.213.231,"[[97, 75, 190], [97, 75, 188], [66, 219, 235]]",-1.0,-1.0,"[37.093, 49.749, 37.796, 38.296, 37.786]"
3492,76.8.213.231,"[[97, 75, 190], [97, 75, 188], [66, 219, 235]]",-1.0,-1.0,"[37.037, 37.165, 37.957, 37.742, 37.737]"
3493,76.8.213.231,"[[97, 75, 190], [97, 75, 188], [66, 219, 235]]",-1.0,-1.0,"[37.057, 37.212, 37.821, 37.75, 37.811]"
3494,76.8.213.231,"[[97, 75, 190], [97, 75, 188], [66, 219, 235]]",-1.0,-1.0,"[37.004, 37.274, 37.725, 37.763, 37.785]"
3495,76.8.213.231,"[[97, 75, 190], [97, 75, 188], [66, 219, 235]]",-1.0,-1.0,"[36.667, 37.133, 38.072, 37.709, 38.063]"
3496,76.8.213.231,"[[97, 75, 190], [97, 75, 188], [66, 219, 235]]",-1.0,-1.0,"[36.866, 37.389, 37.76, 37.758, 37.902]"
3497,76.8.213.231,"[[97, 75, 190], [97, 75, 188], [66, 219, 235]]",-1.0,-1.0,"[37.179, 37.196, 37.79, 37.72, 37.849]"
3498,76.8.213.231,"[[97, 75, 190], [97, 75, 188], [66, 219, 235]]",-1.0,-1.0,"[36.699, 37.257, 37.704, 37.683, 37.822]"
3499,76.8.213.231,"[[97, 75, 190], [97, 75, 188], [66, 219, 235]]",-1.0,-1.0,"[36.764, 37.323, 37.717, 37.7, 37.718]"
3500,76.8.213.231,"[[97, 75, 190], [97, 75, 188], [66, 219, 235]]",-1.0,-1.0,"[36.781, 37.287, 37.859, 37.735, 37.83]"
3501,76.8.213.231,"[[97, 75, 190], [97, 75, 188], [66, 219, 235]]",-1.0,-1.0,"[36.697, 37.133, 37.889, 40.167, 37.798]"
3502,76.8.213.231,"[[97, 75, 190], [97, 75, 188], [66, 219, 235]]",-1.0,-1.0,"[36.726, 37.757, 37.756, 37.75, 37.821]"
3503,76.8.213.231,"[[97, 75, 190], [97, 75, 188], [66, 219, 235]]",-1.0,-1.0,"[36.749, 37.267, 37.839, 37.707, 37.826]"
3504,76.8.213.231,"[[97, 75, 190], [97, 75, 188], [66, 219, 235]]",-1.0,-1.0,"[36.55, 37.159, 37.792, 37.808, 37.763]"
3505,76.8.213.231,"[[97, 75, 190], [97, 75, 188], [66, 219, 235]]",-1.0,-1.0,"[36.569, 37.29, 37.82, 46.392, 37.856]"
3506,76.8.213.231,"[[97, 75, 190], [97, 75, 188], [66, 219, 235]]",-1.0,-1.0,"[36.524, 37.507, 37.798, 37.79, 37.821]"
3507,76.8.213.231,"[[97, 75, 190], [97, 75, 188], [66, 219, 235]]",-1.0,-1.0,"[45.757, 45.734, 45.722, 45.713, 45.709]"
3508,76.8.213.231,"[[97, 75, 190], [97, 75, 188], [66, 219, 235]]",-1.0,-1.0,"[36.562, 39.542, 37.842, 37.953, 37.836]"
3509,76.8.213.231,"[[97, 75, 190], [97, 75, 188], [66, 219, 235]]",-1.0,-1.0,"[36.964, 37.142, 37.809, 37.759, 37.792]"
3510,76.8.213.231,"[[97, 75, 190], [97, 75, 188], [66, 219, 235]]",-1.0,-1.0,"[36.706, 37.304, 37.779, 37.746, 37.803]"
3511,76.8.213.231,"[[97, 75, 190], [97, 75, 188], [66, 219, 235]]",-1.0,-1.0,"[36.833, 37.441, 43.882, 37.762, 37.837]"
3512,76.8.213.231,"[[97, 75, 190], [97, 75, 188], [66, 219, 235]]",-1.0,-1.0,"[38.943, 52.696, 37.766, 38.037, 37.9]"
3513,76.8.213.231,"[[97, 75, 190], [97, 75, 188], [66, 219, 235]]",-1.0,-1.0,"[36.562, 37.17, 37.706, 37.758, 37.792]"
3514,76.8.213.231,"[[97, 75, 190], [97, 75, 188], [66, 219, 235]]",-1.0,-1.0,"[38.997, 37.703, 37.969, 37.965, 38.08]"
3515,76.8.213.231,"[[97, 75, 190], [97, 75, 188], [66, 219, 235]]",-1.0,-1.0,"[37.021, 37.187, 37.968, 37.648, 37.883]"
3516,76.8.213.231,"[[97, 75, 190], [97, 75, 188], [66, 219, 235]]",-1.0,-1.0,"[36.755, 37.208, 37.707, 37.741, 37.845]"
3517,76.8.213.231,"[[97, 75, 190], [97, 75, 188], [66, 219, 235]]",-1.0,-1.0,"[37.33, 37.185, 37.726, 37.796, 37.792]"
3518,76.8.213.231,"[[97, 75, 190], [97, 75, 188], [66, 219, 235]]",-1.0,-1.0,"[36.852, 37.302, 37.932, 37.723, 37.918]"
3519,76.8.213.231,"[[97, 75, 190], [97, 75, 188], [66, 219, 235]]",-1.0,-1.0,"[37.487, 37.469, 37.776, 37.735, 37.781]"
3520,76.8.213.231,"[[97, 75, 190], [97, 75, 188], [66, 219, 235]]",-1.0,-1.0,"[37.219, 37.257, 37.779, 37.774, 37.805]"
3521,76.8.213.231,"[[97, 75, 190], [97, 75, 188], [66, 219, 235]]",-1.0,-1.0,"[36.937, 37.238, 37.786, 37.731, 37.781]"
3522,76.8.213.231,"[[97, 75, 190], [97, 75, 188], [66, 219, 235]]",-1.0,-1.0,"[36.886, 37.799, 38.13, 38.034, 38.326]"
3523,76.8.213.231,"[[97, 75, 190], [97, 75, 188], [66, 219, 235]]",-1.0,-1.0,"[38.046, 45.195, 38.556, 40.676, 38.601]"
3524,76.8.213.231,"[[97, 75, 190], [97, 75, 188], [66, 219, 235]]",-1.0,-1.0,"[36.601, 37.186, 38.151, 37.771, 37.812]"
3525,76.8.213.231,"[[97, 75, 190], [97, 75, 188], [66, 219, 235]]",-1.0,-1.0,"[36.607, 37.321, 37.766, 37.813, 37.824]"
3526,76.8.213.231,"[[97, 75, 190], [97, 75, 188], [66, 219, 235]]",-1.0,-1.0,"[36.914, 37.32, 37.989, 37.74, 37.831]"
3527,76.8.213.231,"[[97, 75, 190], [97, 75, 188], [66, 219, 235]]",-1.0,-1.0,"[37.025, 37.335, 37.829, 37.827, 37.824]"
3528,76.8.213.231,"[[97, 75, 190], [97, 75, 188], [66, 219, 235]]",-1.0,-1.0,"[39.255, 39.253, 39.251, 39.247, 39.184]"
3529,76.8.213.231,"[[97, 75, 190], [97, 75, 188], [66, 219, 235]]",-1.0,-1.0,"[36.7, 37.151, 37.744, 37.742, 37.764]"
3530,76.8.213.231,"[[97, 75, 190], [97, 75, 188], [66, 219, 235]]",-1.0,-1.0,"[36.958, 37.23, 38.561, 37.726, 37.822]"
3531,76.8.213.231,"[[97, 75, 190], [97, 75, 188], [66, 219, 235]]",-1.0,-1.0,"[36.641, 37.206, 38.021, 37.822, 38.013]"
3532,76.8.213.231,"[[97, 75, 190], [97, 75, 188], [66, 219, 235]]",-1.0,-1.0,"[36.583, 37.241, 37.857, 37.794, 37.751]"
3533,76.8.213.231,"[[97, 75, 190], [97, 75, 188], [66, 219, 235]]",-1.0,-1.0,"[36.69, 37.276, 37.803, 37.776, 37.91]"
3534,76.8.213.231,"[[97, 75, 190], [97, 75, 188], [66, 219, 235]]",-1.0,-1.0,"[37.039, 37.187, 38.004, 37.765, 37.897]"
3535,76.8.213.231,"[[97, 75, 190], [97, 75, 188], [66, 219, 235]]",-1.0,-1.0,"[36.79, 52.43, 37.875, 38.106, 37.869]"
3536,76.8.213.231,"[[97, 75, 190], [97, 75, 188], [66, 219, 235]]",-1.0,-1.0,"[36.76, 37.223, 38.082, 37.766, 37.823]"
3537,76.8.213.231,"[[97, 75, 190], [97, 75, 188], [66, 219, 235]]",-1.0,-1.0,"[36.615, 58.069, 37.871, 37.969, 37.863]"
3538,76.8.213.231,"[[97, 75, 190], [97, 75, 188], [66, 219, 235]]",-1.0,-1.0,"[38.263, 37.628, 38.059, 37.699, 37.834]"
3539,76.8.213.231,"[[97, 75, 190], [97, 75, 188], [66, 219, 235]]",-1.0,-1.0,"[36.742, 37.455, 37.85, 37.846, 37.788]"
3540,76.8.213.231,"[[97, 75, 190], [97, 75, 188], [66, 219, 235]]",-1.0,-1.0,"[36.727, 37.407, 37.863, 37.777, 37.769]"
3541,76.8.213.231,"[[97, 75, 190], [97, 75, 188], [66, 219, 235]]",-1.0,-1.0,"[38.706, 37.313, 37.767, 39.777, 37.767]"
3542,76.8.213.231,"[[97, 75, 190], [97, 75, 188], [66, 219, 235]]",-1.0,-1.0,"[36.623, 37.111, 37.85, 37.799, 37.797]"
3543,76.8.213.231,"[[97, 75, 190], [97, 75, 188], [66, 219, 235]]",-1.0,-1.0,"[36.628, 37.316, 37.896, 37.843, 37.952]"
3544,76.8.213.231,"[[97, 75, 190], [97, 75, 188], [66, 219, 235]]",-1.0,-1.0,"[36.527, 37.529, 37.793, 37.791, 37.748]"
3545,76.8.213.231,"[[97, 75, 190], [97, 75, 188], [66, 219, 235]]",-1.0,-1.0,"[36.731, 37.985, 37.912, 37.989, 37.874]"
3546,76.8.213.231,"[[97, 75, 190], [97, 75, 188], [66, 219, 235]]",-1.0,-1.0,"[37.654, 37.307, 40.495, 38.327, 37.724]"
3547,76.8.213.231,"[[97, 75, 190], [97, 75, 188], [66, 219, 235]]",-1.0,-1.0,"[36.804, 37.183, 37.918, 37.884, 37.912]"
3548,76.8.213.231,"[[97, 75, 190], [97, 75, 188], [66, 219, 235]]",-1.0,-1.0,"[37.034, 37.205, 37.763, 37.72, 37.778]"
3549,76.8.213.231,"[[97, 75, 190], [97, 75, 188], [66, 219, 235]]",-1.0,-1.0,"[36.894, 38.232, 38.224, 38.296, 38.292]"
3550,76.8.213.231,"[[97, 75, 190], [97, 75, 188], [66, 219, 235]]",-1.0,-1.0,"[37.025, 37.118, 37.838, 37.66, 37.726]"
3551,76.8.213.231,"[[97, 75, 190], [97, 75, 188], [66, 219, 235]]",-1.0,-1.0,"[36.659, 39.444, 37.762, 38.013, 37.893]"
3552,76.8.213.231,"[[97, 75, 190], [97, 75, 188], [66, 219, 235]]",-1.0,-1.0,"[36.627, 37.191, 37.721, 37.714, 37.811]"
3553,76.8.213.231,"[[97, 75, 190], [97, 75, 188], [66, 219, 235]]",-1.0,-1.0,"[36.569, 37.214, 37.804, 37.706, 37.734]"
3554,76.8.213.231,"[[97, 75, 190], [97, 75, 188], [66, 219, 235]]",-1.0,-1.0,"[36.998, 40.585, 37.964, 38.093, 37.945]"
3555,76.8.213.231,"[[97, 75, 190], [97, 75, 188], [66, 219, 235]]",-1.0,-1.0,"[36.76, 37.155, 37.871, 37.729, 37.828]"
3556,76.8.213.231,"[[97, 75, 190], [97, 75, 188], [66, 219, 235]]",-1.0,-1.0,"[36.988, 37.138, 37.759, 37.674, 37.692]"
3557,76.8.213.231,"[[97, 75, 190], [97, 75, 188], [66, 219, 235]]",-1.0,-1.0,"[36.737, 37.134, 39.583, 37.716, 37.882]"
3558,76.8.213.231,"[[97, 75, 190], [97, 75, 188], [66, 219, 235]]",-1.0,-1.0,"[50.798, 37.225, 38.955, 37.749, 37.768]"
3559,76.8.213.231,"[[97, 75, 190], [97, 75, 188], [66, 219, 235]]",-1.0,-1.0,"[36.562, 37.363, 37.781, 37.814, 37.83]"
3560,76.8.213.231,"[[97, 75, 190], [97, 75, 188], [66, 219, 235]]",-1.0,-1.0,"[38.889, 38.19, 37.941, 38.015, 37.714]"
3561,76.8.213.231,"[[97, 75, 190], [97, 75, 188], [66, 219, 235]]",-1.0,-1.0,"[36.587, 37.236, 37.758, 38.316, 37.825]"
3562,76.8.213.231,"[[97, 75, 190], [97, 75, 188], [66, 219, 235]]",-1.0,-1.0,"[36.549, 37.186, 37.908, 37.686, 37.796]"
3563,76.8.213.231,"[[97, 75, 190], [97, 75, 188], [66, 219, 235]]",-1.0,-1.0,"[36.808, 37.3, 38.406, 37.764, 38.166]"
3564,76.8.213.231,"[[97, 75, 190], [97, 75, 188], [66, 219, 235]]",-1.0,-1.0,"[36.619, 38.33, 38.287, 38.556, 38.278]"
3565,76.8.213.231,"[[97, 75, 190], [97, 75, 188], [66, 219, 235]]",-1.0,-1.0,"[36.677, 37.083, 37.738, 37.732, 37.78]"
3566,76.8.213.231,"[[97, 75, 190], [97, 75, 188], [66, 219, 235]]",-1.0,-1.0,"[36.853, 37.296, 46.399, 37.675, 37.742]"
3567,76.8.213.231,"[[97, 75, 190], [97, 75, 188], [66, 219, 235]]",-1.0,-1.0,"[36.71, 37.418, 37.925, 37.749, 37.887]"
3568,76.8.213.231,"[[97, 75, 190], [97, 75, 188], [66, 219, 235]]",-1.0,-1.0,"[43.15, 37.491, 40.221, 38.286, 38.185]"
3569,76.8.213.231,"[[97, 75, 190], [97, 75, 188], [66, 219, 235]]",-1.0,-1.0,"[36.647, 37.277, 37.798, 37.668, 37.798]"
3570,76.8.213.231,"[[97, 75, 190], [97, 75, 188], [66, 219, 235]]",-1.0,-1.0,"[36.774, 54.606, 37.701, 38.022, 37.85]"
3571,76.8.213.231,"[[97, 75, 190], [97, 75, 188], [66, 219, 235]]",-1.0,-1.0,"[36.661, 37.17, 37.828, 37.698, 37.745]"
3572,76.8.213.231,"[[97, 75, 190], [97, 75, 188], [66, 219, 235]]",-1.0,-1.0,"[36.672, 37.361, 37.977, 37.82, 37.833]"
3573,76.8.213.231,"[[97, 75, 190], [97, 75, 188], [66, 219, 235]]",-1.0,-1.0,"[37.045, 37.231, 37.826, 37.817, 37.813]"
3574,76.8.213.231,"[[97, 75, 190], [97, 75, 188], [66, 219, 235]]",-1.0,-1.0,"[36.853, 37.14, 37.839, 37.834, 37.852]"
3575,76.8.213.231,"[[97, 75, 190], [97, 75, 188], [66, 219, 235]]",-1.0,-1.0,"[36.66, 37.283, 37.679, 37.587, 37.722]"
3576,76.8.213.231,"[[97, 75, 190], [97, 75, 188], [66, 219, 235]]",-1.0,-1.0,"[36.604, 36.887, 48.053, 37.534, 37.581]"
3577,76.8.213.231,"[[97, 75, 190], [97, 75, 188], [66, 219, 235]]",-1.0,-1.0,"[36.914, 37.285, 37.554, 37.538, 37.653]"
3578,76.8.213.231,"[[97, 75, 190], [97, 75, 188], [66, 219, 235]]",-1.0,-1.0,"[36.831, 37.609, 37.605, 37.816, 37.646]"
3579,76.8.213.231,"[[97, 75, 190], [97, 75, 188], [66, 219, 235]]",-1.0,-1.0,"[36.652, 36.968, 37.57, 37.594, 37.666]"
3580,76.8.213.231,"[[97, 75, 190], [97, 75, 188], [66, 219, 235]]",-1.0,-1.0,"[36.612, 36.896, 37.686, 37.679, 37.673]"
3581,76.8.213.231,"[[97, 75, 190], [97, 75, 188], [66, 219, 235]]",-1.0,-1.0,"[36.976, 36.961, 37.679, 37.564, 37.537]"
3582,76.8.213.231,"[[97, 75, 190], [97, 75, 188], [66, 219, 235]]",-1.0,-1.0,"[36.734, 37.611, 37.603, 37.721, 37.624]"
3583,76.8.213.231,"[[97, 75, 190], [97, 75, 188], [66, 219, 235]]",-1.0,-1.0,"[36.81, 37.079, 37.609, 37.559, 37.621]"
3584,76.8.213.231,"[[97, 75, 190], [97, 75, 188], [66, 219, 235]]",-1.0,-1.0,"[36.872, 36.966, 37.733, 37.698, 37.689]"
3585,76.8.213.231,"[[97, 75, 190], [97, 75, 188], [66, 219, 235]]",-1.0,-1.0,"[36.921, 36.952, 37.67, 37.881, 37.661]"
3586,76.8.213.231,"[[97, 75, 190], [97, 75, 188], [66, 219, 235]]",-1.0,-1.0,"[36.714, 46.725, 37.852, 37.844, 37.838]"
3587,76.8.213.231,"[[97, 75, 190], [97, 75, 188], [66, 219, 235]]",-1.0,-1.0,"[37.232, 79.116, 37.644, 37.937, 37.585]"
3588,76.8.213.231,"[[97, 75, 190], [97, 75, 188], [66, 219, 235]]",-1.0,-1.0,"[36.742, 37.212, 37.592, 37.528, 37.633]"
3589,76.8.213.231,"[[97, 75, 190], [97, 75, 188], [66, 219, 235]]",-1.0,-1.0,"[36.506, 37.618, 37.73, 37.744, 37.683]"
3590,76.8.213.231,"[[97, 75, 190], [97, 75, 188], [66, 219, 235]]",-1.0,-1.0,"[36.807, 37.155, 37.567, 37.636, 37.633]"
3591,76.8.213.231,"[[97, 75, 190], [97, 75, 188], [66, 219, 235]]",-1.0,-1.0,"[37.644, 37.64, 38.045, 37.633, 37.711]"
3592,76.8.213.231,"[[97, 75, 190], [97, 75, 188], [66, 219, 235]]",-1.0,-1.0,"[36.77, 37.166, 37.618, 37.596, 37.665]"
3593,76.8.213.231,"[[97, 75, 190], [97, 75, 188], [66, 219, 235]]",-1.0,-1.0,"[36.456, 37.146, 37.616, 37.615, 37.728]"
3594,76.8.213.231,"[[97, 75, 190], [97, 75, 188], [66, 219, 235]]",-1.0,-1.0,"[36.965, 37.353, 37.788, 37.564, 37.603]"
3595,76.8.213.231,"[[97, 75, 190], [97, 75, 188], [66, 219, 235]]",-1.0,-1.0,"[37.081, 37.111, 37.56, 37.626, 37.604]"
3596,76.8.213.231,"[[97, 75, 190], [97, 75, 188], [66, 219, 235]]",-1.0,-1.0,"[36.529, 37.823, 37.763, 37.78, 37.626]"
3597,76.8.213.231,"[[97, 75, 190], [97, 75, 188], [66, 219, 235]]",-1.0,-1.0,"[36.85, 37.074, 37.749, 40.448, 37.701]"
3598,76.8.213.231,"[[97, 75, 190], [97, 75, 188], [66, 219, 235]]",-1.0,-1.0,"[36.519, 37.461, 37.583, 37.706, 37.64]"
3599,76.8.213.231,"[[97, 75, 190], [97, 75, 188], [66, 219, 235]]",-1.0,-1.0,"[36.743, 37.058, 37.741, 37.548, 37.581]"
3600,76.8.213.231,"[[97, 75, 190], [97, 75, 188], [66, 219, 235]]",-1.0,-1.0,"[36.633, 36.998, 37.645, 37.637, 37.643]"
3601,76.8.213.231,"[[97, 75, 190], [97, 75, 188], [66, 219, 235]]",-1.0,-1.0,"[36.66, 38.579, 37.726, 37.721, 37.671]"
3602,76.8.213.231,"[[97, 75, 190], [97, 75, 188], [66, 219, 235]]",-1.0,-1.0,"[39.404, 39.714, 39.398, 39.792, 39.493]"
3603,76.8.213.231,"[[97, 75, 190], [97, 75, 188], [66, 219, 235]]",-1.0,-1.0,"[37.658, 37.299, 37.71, 38.36, 37.538]"
3604,76.8.213.231,"[[97, 75, 190], [97, 75, 188], [66, 219, 235]]",-1.0,-1.0,"[47.978, 36.989, 37.642, 37.573, 37.75]"
3605,76.8.213.231,"[[97, 75, 190], [97, 75, 188], [66, 219, 235]]",-1.0,-1.0,"[36.442, 53.224, 37.74, 37.821, 37.731]"
3606,76.8.213.231,"[[97, 75, 190], [97, 75, 188], [66, 219, 235]]",-1.0,-1.0,"[41.761, 39.327, 41.755, 41.753, 41.75]"
3607,76.8.213.231,"[[97, 75, 190], [97, 75, 188], [66, 219, 235]]",-1.0,-1.0,"[36.781, 36.909, 38.818, 37.601, 37.657]"
3608,76.8.213.231,"[[97, 75, 190], [97, 75, 188], [66, 219, 235]]",-1.0,-1.0,"[46.085, 37.023, 37.671, 37.607, 37.604]"
3609,76.8.213.231,"[[97, 75, 190], [97, 75, 188], [66, 219, 235]]",-1.0,-1.0,"[36.774, 37.054, 37.608, 37.568, 37.735]"
3610,76.8.213.231,"[[97, 75, 190], [97, 75, 188], [66, 219, 235]]",-1.0,-1.0,"[36.683, 36.86, 37.662, 38.109, 37.685]"
3611,76.8.213.231,"[[97, 75, 190], [97, 75, 188], [66, 219, 235]]",-1.0,-1.0,"[36.399, 37.856, 37.646, 37.846, 37.669]"
3612,76.8.213.231,"[[97, 75, 190], [97, 75, 188], [66, 219, 235]]",-1.0,-1.0,"[36.575, 57.325, 37.633, 38.483, 37.649]"
3613,76.8.213.231,"[[97, 75, 190], [97, 75, 188], [66, 219, 235]]",-1.0,-1.0,"[51.76, 37.06, 37.66, 40.996, 37.723]"
3614,76.8.213.231,"[[97, 75, 190], [97, 75, 188], [66, 219, 235]]",-1.0,-1.0,"[36.777, 36.909, 38.174, 37.558, 37.612]"
3615,76.8.213.231,"[[97, 75, 190], [97, 75, 188], [66, 219, 235]]",-1.0,-1.0,"[36.827, 36.992, 37.688, 41.14, 37.679]"
3616,76.8.213.231,"[[97, 75, 190], [97, 75, 188], [66, 219, 235]]",-1.0,-1.0,"[36.379, 37.985, 37.887, 37.876, 37.869]"
3617,76.8.213.231,"[[97, 75, 190], [97, 75, 188], [66, 219, 235]]",-1.0,-1.0,"[36.859, 37.091, 37.689, 37.599, 37.617]"
3618,76.8.213.231,"[[97, 75, 190], [97, 75, 188], [66, 219, 235]]",-1.0,-1.0,"[36.378, 36.945, 38.93, 37.617, 37.558]"
3619,76.8.213.231,"[[97, 75, 190], [97, 75, 188], [66, 219, 235]]",-1.0,-1.0,"[36.571, 37.101, 37.823, 37.647, 37.635]"
3620,76.8.213.231,"[[97, 75, 190], [97, 75, 188], [66, 219, 235]]",-1.0,-1.0,"[36.457, 37.089, 37.572, 41.49, 37.588]"
3621,76.8.213.231,"[[97, 75, 190], [97, 75, 188], [66, 219, 235]]",-1.0,-1.0,"[36.834, 37.239, 37.662, 52.885, 37.655]"
3622,76.8.213.231,"[[97, 75, 190], [97, 75, 188], [66, 219, 235]]",-1.0,-1.0,"[36.398, 36.95, 37.82, 37.726, 37.688]"
3623,76.8.213.231,"[[97, 75, 190], [97, 75, 188], [66, 219, 235]]",-1.0,-1.0,"[36.494, 37.139, 37.652, 37.604, 37.578]"
3624,76.8.213.231,"[[97, 75, 190], [97, 75, 188], [66, 219, 235]]",-1.0,-1.0,"[36.587, 37.217, 37.639, 38.117, 37.559]"
3625,76.8.213.231,"[[97, 75, 190], [97, 75, 188], [66, 219, 235]]",-1.0,-1.0,"[36.434, 37.156, 38.41, 50.448, 37.635]"
3626,76.8.213.231,"[[97, 75, 190], [97, 75, 188], [66, 219, 235]]",-1.0,-1.0,"[36.837, 37.069, 37.755, 37.541, 37.631]"
3627,76.8.213.231,"[[97, 75, 190], [97, 75, 188], [66, 219, 235]]",-1.0,-1.0,"[36.783, 37.001, 38.315, 37.515, 37.718]"
3628,76.8.213.231,"[[97, 75, 190], [97, 75, 188], [66, 219, 235]]",-1.0,-1.0,"[36.914, 37.161, 37.872, 37.652, 37.711]"
3629,76.8.213.231,"[[97, 75, 190], [97, 75, 188], [66, 219, 235]]",-1.0,-1.0,"[36.452, 37.254, 37.787, 37.628, 37.734]"
3630,76.8.213.231,"[[97, 75, 190], [97, 75, 188], [66, 219, 235]]",-1.0,-1.0,"[36.377, 36.927, 37.627, 37.625, 37.716]"
3631,76.8.213.231,"[[97, 75, 190], [97, 75, 188], [66, 219, 235]]",-1.0,-1.0,"[36.407, 37.129, 37.832, 37.829, 37.546]"
3632,76.8.213.231,"[[97, 75, 190], [97, 75, 188], [66, 219, 235]]",-1.0,-1.0,"[36.398, 37.093, 37.613, 37.549, 37.539]"
3633,76.8.213.231,"[[97, 75, 190], [97, 75, 188], [66, 219, 235]]",-1.0,-1.0,"[36.598, 36.925, 37.82, 37.535, 37.684]"
3634,76.8.213.231,"[[97, 75, 190], [97, 75, 188], [66, 219, 235]]",-1.0,-1.0,"[36.61, 36.96, 37.641, 37.629, 37.674]"
3635,76.8.213.231,"[[97, 75, 190], [97, 75, 188], [66, 219, 235]]",-1.0,-1.0,"[37.487, 37.408, 41.027, 37.587, 37.598]"
3636,76.8.213.231,"[[97, 75, 190], [97, 75, 188], [66, 219, 235]]",-1.0,-1.0,"[36.664, 37.023, 37.641, 38.655, 37.614]"
3637,76.8.213.231,"[[97, 75, 190], [97, 75, 188], [66, 219, 235]]",-1.0,-1.0,"[36.609, 37.043, 37.603, 37.553, 37.618]"
3638,76.8.213.231,"[[97, 75, 190], [97, 75, 188], [66, 219, 235]]",-1.0,-1.0,"[36.5, 36.957, 37.6, 37.556, 37.58]"
3639,76.8.213.231,"[[97, 75, 190], [97, 75, 188], [66, 219, 235]]",-1.0,-1.0,"[36.763, 37.111, 37.664, 37.638, 37.658]"
3640,76.8.213.231,"[[97, 75, 190], [97, 75, 188], [66, 219, 235]]",-1.0,-1.0,"[37.184, 37.225, 37.766, 39.267, 37.734]"
3641,76.8.213.231,"[[97, 75, 190], [97, 75, 188], [66, 219, 235]]",-1.0,-1.0,"[37.026, 37.066, 37.841, 37.838, 37.866]"
3642,76.8.213.231,"[[97, 75, 190], [97, 75, 188], [66, 219, 235]]",-1.0,-1.0,"[37.086, 37.16, 37.601, 37.566, 37.699]"
3643,76.8.213.231,"[[97, 75, 190], [97, 75, 188], [66, 219, 235]]",-1.0,-1.0,"[36.465, 36.986, 37.835, 37.645, 37.641]"
3644,76.8.213.231,"[[97, 75, 190], [97, 75, 188], [66, 219, 235]]",-1.0,-1.0,"[36.638, 37.055, 37.73, 37.53, 37.707]"
3645,76.8.213.231,"[[97, 75, 190], [97, 75, 188], [66, 219, 235]]",-1.0,-1.0,"[36.708, 37.914, 37.547, 37.908, 37.639]"
3646,76.8.213.231,"[[97, 75, 190], [97, 75, 188], [66, 219, 235]]",-1.0,-1.0,"[36.678, 36.959, 37.734, 37.731, 37.701]"
3647,76.8.213.231,"[[97, 75, 190], [97, 75, 188], [66, 219, 235]]",-1.0,-1.0,"[36.847, 37.065, 37.804, 37.581, 37.665]"
3648,76.8.213.231,"[[97, 75, 190], [97, 75, 188], [66, 219, 235]]",-1.0,-1.0,"[36.961, 36.984, 37.768, 37.551, 37.632]"
3649,76.8.213.231,"[[97, 75, 190], [97, 75, 188], [66, 219, 235]]",-1.0,-1.0,"[37.153, 37.213, 37.738, 37.666, 37.788]"
3650,76.8.213.231,"[[97, 75, 190], [97, 75, 188], [66, 219, 235]]",-1.0,-1.0,"[39.803, 39.953, 39.656, 42.011, 39.791]"
3651,76.8.213.231,"[[97, 75, 190], [97, 75, 188], [66, 219, 235]]",-1.0,-1.0,"[36.541, 37.018, 37.589, 37.586, 37.613]"
3652,76.8.213.231,"[[97, 75, 190], [97, 75, 188], [66, 219, 235]]",-1.0,-1.0,"[36.591, 37.311, 37.728, 37.594, 37.644]"
3653,76.8.213.231,"[[97, 75, 190], [97, 75, 188], [66, 219, 235]]",-1.0,-1.0,"[36.887, 37.095, 37.665, 37.553, 37.655]"
3654,76.8.213.231,"[[97, 75, 190], [97, 75, 188], [66, 219, 235]]",-1.0,-1.0,"[36.442, 37.187, 37.576, 37.574, 37.625]"
3655,76.8.213.231,"[[97, 75, 190], [97, 75, 188], [66, 219, 235]]",-1.0,-1.0,"[53.079, 37.21, 37.649, 37.625, 37.531]"
3656,76.8.213.231,"[[97, 75, 190], [97, 75, 188], [66, 219, 235]]",-1.0,-1.0,"[36.349, 37.29, 37.596, 37.594, 37.684]"
3657,76.8.213.231,"[[97, 75, 190], [97, 75, 188], [66, 219, 235]]",-1.0,-1.0,"[36.709, 37.179, 37.71, 37.557, 37.723]"
3658,76.8.213.231,"[[97, 75, 190], [97, 75, 188], [66, 219, 235]]",-1.0,-1.0,"[37.126, 37.226, 37.681, 37.569, 37.62]"
3659,76.8.213.231,"[[97, 75, 190], [97, 75, 188], [66, 219, 235]]",-1.0,-1.0,"[37.3, 37.297, 37.841, 37.651, 37.596]"
3660,76.8.213.231,"[[97, 75, 190], [97, 75, 188], [66, 219, 235]]",-1.0,-1.0,"[39.441, 37.098, 37.741, 37.626, 37.729]"
3661,76.8.213.231,"[[97, 75, 190], [97, 75, 188], [66, 219, 235]]",-1.0,-1.0,"[37.022, 37.044, 37.772, 37.629, 37.649]"
3662,76.8.213.231,"[[97, 75, 190], [97, 75, 188], [66, 219, 235]]",-1.0,-1.0,"[36.729, 75.833, 37.75, 37.905, 37.742]"
3663,76.8.213.231,"[[97, 75, 190], [97, 75, 188], [66, 219, 235]]",-1.0,-1.0,"[36.603, 37.065, 37.709, 37.66, 37.657]"
3664,76.8.213.231,"[[97, 75, 190], [97, 75, 188], [66, 219, 235]]",-1.0,-1.0,"[36.632, 37.922, 37.863, 37.789, 37.726]"
3665,76.8.213.231,"[[97, 75, 190], [97, 75, 188], [66, 219, 235]]",-1.0,-1.0,"[36.657, 37.153, 37.735, 37.662, 37.779]"
3666,76.8.213.231,"[[97, 75, 190], [97, 75, 188], [66, 219, 235]]",-1.0,-1.0,"[36.718, 37.104, 37.842, 37.602, 37.7]"
3667,76.8.213.231,"[[97, 75, 190], [97, 75, 188], [66, 219, 235]]",-1.0,-1.0,"[36.697, 38.194, 37.655, 38.227, 37.753]"
3668,76.8.213.231,"[[97, 75, 190], [97, 75, 188], [66, 219, 235]]",-1.0,-1.0,"[44.001, 37.085, 37.827, 37.646, 37.662]"
3669,76.8.213.231,"[[97, 75, 190], [97, 75, 188], [66, 219, 235]]",-1.0,-1.0,"[36.629, 36.996, 37.63, 37.588, 37.647]"
3670,76.8.213.231,"[[97, 75, 190], [97, 75, 188], [66, 219, 235]]",-1.0,-1.0,"[36.726, 37.153, 37.81, 37.551, 37.622]"
3671,76.8.213.231,"[[97, 75, 190], [97, 75, 188], [66, 219, 235]]",-1.0,-1.0,"[36.565, 37.97, 37.85, 37.775, 37.629]"
3672,76.8.213.231,"[[97, 75, 190], [97, 75, 188], [66, 219, 235]]",-1.0,-1.0,"[40.63, 37.074, 37.838, 37.593, 37.684]"
3673,76.8.213.231,"[[97, 75, 190], [97, 75, 188], [66, 219, 235]]",-1.0,-1.0,"[36.544, 37.606, 37.799, 38.198, 37.581]"
3674,76.8.213.231,"[[97, 75, 190], [97, 75, 188], [66, 219, 235]]",-1.0,-1.0,"[37.436, 40.277, 39.501, 40.359, 40.472]"
3675,76.8.213.231,"[[97, 75, 190], [97, 75, 188], [66, 219, 235]]",-1.0,-1.0,"[36.568, 36.892, 37.593, 37.532, 37.61]"
3676,76.8.213.231,"[[97, 75, 190], [97, 75, 188], [66, 219, 235]]",-1.0,-1.0,"[36.57, 37.051, 37.648, 39.432, 37.644]"
3677,76.8.213.231,"[[97, 75, 190], [97, 75, 188], [66, 219, 235]]",-1.0,-1.0,"[36.603, 37.052, 37.964, 37.576, 37.649]"
3678,76.8.213.231,"[[97, 75, 190], [97, 75, 188], [66, 219, 235]]",-1.0,-1.0,"[36.68, 37.232, 37.646, 37.579, 37.631]"
3679,76.8.213.231,"[[97, 75, 190], [97, 75, 188], [66, 219, 235]]",-1.0,-1.0,"[36.647, 37.611, 37.607, 37.641, 37.638]"
3680,76.8.213.231,"[[97, 75, 190], [97, 75, 188], [66, 219, 235]]",-1.0,-1.0,"[36.768, 37.005, 37.841, 37.608, 37.654]"
3681,76.8.213.231,"[[97, 75, 190], [97, 75, 188], [66, 219, 235]]",-1.0,-1.0,"[36.474, 37.066, 37.546, 39.328, 37.686]"
3682,76.8.213.231,"[[97, 75, 190], [97, 75, 188], [66, 219, 235]]",-1.0,-1.0,"[36.823, 37.02, 37.61, 37.685, 37.651]"
3683,76.8.213.231,"[[97, 75, 190], [97, 75, 188], [66, 219, 235]]",-1.0,-1.0,"[36.438, 36.988, 37.977, 37.557, 37.624]"
3684,76.8.213.231,"[[97, 75, 190], [97, 75, 188], [66, 219, 235]]",-1.0,-1.0,"[37.06, 37.987, 37.835, 37.939, 37.67]"
3685,76.8.213.231,"[[97, 75, 190], [97, 75, 188], [66, 219, 235]]",-1.0,-1.0,"[36.954, 37.284, 37.721, 37.655, 37.676]"
3686,76.8.213.231,"[[97, 75, 190], [97, 75, 188], [66, 219, 235]]",-1.0,-1.0,"[36.539, 37.226, 37.605, 37.633, 37.646]"
3687,76.8.213.231,"[[97, 75, 190], [97, 75, 188], [66, 219, 235]]",-1.0,-1.0,"[36.422, 36.881, 37.798, 37.584, 37.708]"
3688,76.8.213.231,"[[97, 75, 190], [97, 75, 188], [66, 219, 235]]",-1.0,-1.0,"[36.934, 38.092, 37.856, 37.755, 37.641]"
3689,76.8.213.231,"[[97, 75, 190], [97, 75, 188], [66, 219, 235]]",-1.0,-1.0,"[37.128, 37.102, 37.609, 38.484, 37.632]"
3690,76.8.213.231,"[[97, 75, 190], [97, 75, 188], [66, 219, 235]]",-1.0,-1.0,"[36.638, 37.639, 76.437, 37.745, 37.698]"
3691,76.8.213.231,"[[97, 75, 190], [97, 75, 188], [66, 219, 235]]",-1.0,-1.0,"[36.848, 37.145, 37.79, 37.588, 37.758]"
3692,76.8.213.231,"[[97, 75, 190], [97, 75, 188], [66, 219, 235]]",-1.0,-1.0,"[36.627, 36.974, 37.607, 37.772, 37.577]"
3693,76.8.213.231,"[[97, 75, 190], [97, 75, 188], [66, 219, 235]]",-1.0,-1.0,"[36.639, 37.137, 37.625, 37.621, 37.616]"
3694,76.8.213.231,"[[97, 75, 190], [97, 75, 188], [66, 219, 235]]",-1.0,-1.0,"[36.947, 36.982, 38.517, 37.543, 37.541]"
3695,76.8.213.231,"[[97, 75, 190], [97, 75, 188], [66, 219, 235]]",-1.0,-1.0,"[36.812, 37.063, 41.227, 37.553, 37.629]"
3696,76.8.213.231,"[[97, 75, 190], [97, 75, 188], [66, 219, 235]]",-1.0,-1.0,"[36.599, 36.947, 37.836, 37.603, 37.83]"
3697,76.8.213.231,"[[97, 75, 190], [97, 75, 188], [66, 219, 235]]",-1.0,-1.0,"[36.393, 37.23, 37.894, 37.611, 37.739]"
3698,76.8.213.231,"[[97, 75, 190], [97, 75, 188], [66, 219, 235]]",-1.0,-1.0,"[36.448, 37.235, 37.561, 37.558, 37.612]"
3699,76.8.213.231,"[[97, 75, 190], [97, 75, 188], [66, 219, 235]]",-1.0,-1.0,"[36.606, 36.956, 37.688, 38.948, 37.717]"
3700,76.8.213.231,"[[97, 75, 190], [97, 75, 188], [66, 219, 235]]",-1.0,-1.0,"[36.744, 36.968, 37.913, 37.795, 37.79]"
3701,76.8.213.231,"[[97, 75, 190], [97, 75, 188], [66, 219, 235]]",-1.0,-1.0,"[36.468, 36.956, 38.832, 37.519, 37.59]"
3702,76.8.213.231,"[[97, 75, 190], [97, 75, 188], [66, 219, 235]]",-1.0,-1.0,"[36.722, 37.007, 37.588, 37.531, 37.563]"
3703,76.8.213.231,"[[97, 75, 190], [97, 75, 188], [66, 219, 235]]",-1.0,-1.0,"[36.799, 36.997, 37.566, 37.604, 37.658]"
3704,76.8.213.231,"[[97, 75, 190], [97, 75, 188], [66, 219, 235]]",-1.0,-1.0,"[36.365, 37.009, 38.565, 37.581, 37.578]"
3705,76.8.213.231,"[[97, 75, 190], [97, 75, 188], [66, 219, 235]]",-1.0,-1.0,"[36.625, 36.922, 37.582, 37.58, 37.686]"
3706,76.8.213.231,"[[97, 75, 190], [97, 75, 188], [66, 219, 235]]",-1.0,-1.0,"[36.719, 37.1, 37.904, 37.61, 37.73]"
3707,76.8.213.231,"[[97, 75, 190], [97, 75, 188], [66, 219, 235]]",-1.0,-1.0,"[36.548, 37.401, 37.65, 37.664, 37.658]"
3708,76.8.213.231,"[[97, 75, 190], [97, 75, 188], [66, 219, 235]]",-1.0,-1.0,"[36.927, 58.533, 37.765, 37.898, 37.624]"
3709,76.8.213.231,"[[97, 75, 190], [97, 75, 188], [66, 219, 235]]",-1.0,-1.0,"[36.689, 37.076, 37.578, 37.554, 37.656]"
3710,76.8.213.231,"[[97, 75, 190], [97, 75, 188], [66, 219, 235]]",-1.0,-1.0,"[36.496, 36.917, 37.698, 37.658, 37.675]"
3711,76.8.213.231,"[[97, 75, 190], [97, 75, 188], [66, 219, 235]]",-1.0,-1.0,"[36.599, 36.945, 37.538, 37.532, 37.724]"
3712,76.8.213.231,"[[97, 75, 190], [97, 75, 188], [66, 219, 235]]",-1.0,-1.0,"[36.773, 37.195, 37.641, 39.558, 37.81]"
3713,76.8.213.231,"[[97, 75, 190], [97, 75, 188], [66, 219, 235]]",-1.0,-1.0,"[36.618, 37.601, 37.791, 37.59, 37.678]"
3714,76.8.213.231,"[[97, 75, 190], [97, 75, 188], [66, 219, 235]]",-1.0,-1.0,"[36.705, 61.504, 37.589, 37.805, 37.581]"
3715,76.8.213.231,"[[97, 75, 190], [97, 75, 188], [66, 219, 235]]",-1.0,-1.0,"[36.62, 44.505, 37.577, 39.336, 37.613]"
3716,76.8.213.231,"[[97, 75, 190], [97, 75, 188], [66, 219, 235]]",-1.0,-1.0,"[36.62, 37.096, 51.781, 37.61, 37.59]"
3717,76.8.213.231,"[[97, 75, 190], [97, 75, 188], [66, 219, 235]]",-1.0,-1.0,"[36.476, 37.122, 37.674, 37.573, 37.622]"
3718,76.8.213.231,"[[97, 75, 190], [97, 75, 188], [66, 219, 235]]",-1.0,-1.0,"[39.577, 38.004, 37.625, 37.961, 37.7]"
3719,76.8.213.231,"[[97, 75, 190], [97, 75, 188], [66, 219, 235]]",-1.0,-1.0,"[36.692, 37.11, 37.578, 37.528, 37.709]"
3720,76.8.213.231,"[[97, 75, 190], [97, 75, 188], [66, 219, 235]]",-1.0,-1.0,"[36.75, 36.875, 38.104, 37.582, 37.682]"
3721,76.8.213.231,"[[97, 75, 190], [97, 75, 188], [66, 219, 235]]",-1.0,-1.0,"[36.712, 37.015, 57.216, 37.581, 37.571]"
3722,76.8.213.231,"[[97, 75, 190], [97, 75, 188], [66, 219, 235]]",-1.0,-1.0,"[37.353, 37.273, 38.888, 38.885, 40.561]"
3723,76.8.213.231,"[[97, 75, 190], [97, 75, 188], [66, 219, 235]]",-1.0,-1.0,"[36.61, 36.993, 37.688, 37.685, 37.683]"
3724,76.8.213.231,"[[97, 75, 190], [97, 75, 188], [66, 219, 235]]",-1.0,-1.0,"[36.662, 37.201, 37.813, 37.562, 37.808]"
3725,76.8.213.231,"[[97, 75, 190], [97, 75, 188], [66, 219, 235]]",-1.0,-1.0,"[36.812, 37.174, 38.262, 37.681, 37.651]"
3726,76.8.213.231,"[[97, 75, 190], [97, 75, 188], [66, 219, 235]]",-1.0,-1.0,"[41.234, 38.293, 37.739, 37.881, 37.733]"
3727,76.8.213.231,"[[97, 75, 190], [97, 75, 188], [66, 219, 235]]",-1.0,-1.0,"[36.66, 37.268, 37.721, 37.607, 37.715]"
3728,76.8.213.231,"[[97, 75, 190], [97, 75, 188], [66, 219, 235]]",-1.0,-1.0,"[36.587, 37.023, 37.698, 38.486, 37.692]"
3729,76.8.213.231,"[[97, 75, 190], [97, 75, 188], [66, 219, 235]]",-1.0,-1.0,"[36.642, 37.038, 37.548, 37.532, 37.616]"
3730,76.8.213.231,"[[97, 75, 190], [97, 75, 188], [66, 219, 235]]",-1.0,-1.0,"[36.684, 37.051, 37.55, 37.547, 37.658]"
3731,76.8.213.231,"[[97, 75, 190], [97, 75, 188], [66, 219, 235]]",-1.0,-1.0,"[36.652, 36.856, 37.56, 39.079, 37.777]"
3732,76.8.213.231,"[[97, 75, 190], [97, 75, 188], [66, 219, 235]]",-1.0,-1.0,"[36.575, 37.066, 37.677, 37.574, 37.638]"
3733,76.8.213.231,"[[97, 75, 190], [97, 75, 188], [66, 219, 235]]",-1.0,-1.0,"[36.67, 37.063, 37.84, 38.364, 37.565]"
3734,76.8.213.231,"[[97, 75, 190], [97, 75, 188], [66, 219, 235]]",-1.0,-1.0,"[36.622, 37.066, 37.799, 37.612, 37.563]"
3735,76.8.213.231,"[[97, 75, 190], [97, 75, 188], [66, 219, 235]]",-1.0,-1.0,"[36.805, 37.262, 37.695, 37.691, 37.689]"
3736,76.8.213.231,"[[97, 75, 190], [97, 75, 188], [66, 219, 235]]",-1.0,-1.0,"[36.627, 37.372, 37.626, 37.748, 37.621]"
3737,76.8.213.231,"[[97, 75, 190], [97, 75, 188], [66, 219, 235]]",-1.0,-1.0,"[36.69, 37.212, 37.707, 38.325, 37.659]"
3738,76.8.213.231,"[[97, 75, 190], [97, 75, 188], [66, 219, 235]]",-1.0,-1.0,"[36.723, 37.172, 37.596, 54.73, 37.574]"
3739,76.8.213.231,"[[97, 75, 190], [97, 75, 188], [66, 219, 235]]",-1.0,-1.0,"[37.387, 37.383, 37.876, 37.672, 37.743]"
3740,76.8.213.231,"[[97, 75, 190], [97, 75, 188], [66, 219, 235]]",-1.0,-1.0,"[36.531, 37.1, 37.61, 37.566, 37.613]"
3741,76.8.213.231,"[[97, 75, 190], [97, 75, 188], [66, 219, 235]]",-1.0,-1.0,"[36.987, 37.087, 37.792, 37.548, 37.715]"
3742,76.8.213.231,"[[97, 75, 190], [97, 75, 188], [66, 219, 235]]",-1.0,-1.0,"[36.69, 37.19, 37.65, 37.638, 37.646]"
3743,76.8.213.231,"[[97, 75, 190], [97, 75, 188], [66, 219, 235]]",-1.0,-1.0,"[36.401, 37.149, 50.558, 37.593, 37.766]"
3744,76.8.213.231,"[[97, 75, 190], [97, 75, 188], [66, 219, 235]]",-1.0,-1.0,"[36.508, 37.052, 37.636, 37.628, 37.666]"
3745,76.8.213.231,"[[97, 75, 190], [97, 75, 188], [66, 219, 235]]",-1.0,-1.0,"[36.959, 54.016, 37.659, 37.796, 37.649]"
3746,76.8.213.231,"[[97, 75, 190], [97, 75, 188], [66, 219, 235]]",-1.0,-1.0,"[36.497, 37.735, 37.769, 37.766, 37.828]"
3747,76.8.213.231,"[[97, 75, 190], [97, 75, 188], [66, 219, 235]]",-1.0,-1.0,"[36.781, 37.981, 37.673, 37.923, 37.664]"
3748,76.8.213.231,"[[97, 75, 190], [97, 75, 188], [66, 219, 235]]",-1.0,-1.0,"[36.689, 37.239, 37.573, 37.694, 37.674]"
3749,76.8.213.231,"[[97, 75, 190], [97, 75, 188], [66, 219, 235]]",-1.0,-1.0,"[36.909, 37.041, 37.833, 37.586, 37.757]"
3750,76.8.213.231,"[[97, 75, 190], [97, 75, 188], [66, 219, 235]]",-1.0,-1.0,"[36.977, 37.02, 37.568, 37.565, 37.684]"
3751,76.8.213.231,"[[97, 75, 190], [97, 75, 188], [66, 219, 235]]",-1.0,-1.0,"[36.4, 36.99, 37.786, 37.556, 37.605]"
3752,76.8.213.231,"[[97, 75, 190], [97, 75, 188], [66, 219, 235]]",-1.0,-1.0,"[36.627, 37.212, 41.627, 37.798, 37.82]"
3753,76.8.213.231,"[[97, 75, 190], [97, 75, 188], [66, 219, 235]]",-1.0,-1.0,"[36.403, 37.331, 37.676, 37.549, 37.671]"
3754,76.8.213.231,"[[97, 75, 190], [97, 75, 188], [66, 219, 235]]",-1.0,-1.0,"[62.966, 37.128, 37.556, 37.974, 37.65]"
3755,76.8.213.231,"[[97, 75, 190], [97, 75, 188], [66, 219, 235]]",-1.0,-1.0,"[41.324, 37.082, 38.001, 37.584, 37.611]"
3756,76.8.213.231,"[[97, 75, 190], [97, 75, 188], [66, 219, 235]]",-1.0,-1.0,"[36.67, 36.949, 37.669, 37.666, 37.626]"
3757,76.8.213.231,"[[97, 75, 190], [97, 75, 188], [66, 219, 235]]",-1.0,-1.0,"[36.394, 37.046, 37.77, 37.671, 37.613]"
3758,76.8.213.231,"[[97, 75, 190], [97, 75, 188], [66, 219, 235]]",-1.0,-1.0,"[37.211, 37.041, 37.691, 37.545, 37.543]"
3759,76.8.213.231,"[[97, 75, 190], [97, 75, 188], [66, 219, 235]]",-1.0,-1.0,"[36.574, 36.994, 37.541, 37.582, 37.671]"
3760,76.8.213.231,"[[97, 75, 190], [97, 75, 188], [66, 219, 235]]",-1.0,-1.0,"[36.951, 37.213, 37.913, 37.65, 37.675]"
3761,76.8.213.231,"[[97, 75, 190], [97, 75, 188], [66, 219, 235]]",-1.0,-1.0,"[36.97, 37.136, 37.868, 37.709, 37.786]"
3762,76.8.213.231,"[[97, 75, 190], [97, 75, 188], [66, 219, 235]]",-1.0,-1.0,"[36.747, 37.005, 38.395, 37.541, 37.665]"
3763,76.8.213.231,"[[97, 75, 190], [97, 75, 188], [66, 219, 235]]",-1.0,-1.0,"[37.232, 36.984, 37.631, 37.587, 37.6]"
3764,76.8.213.231,"[[97, 75, 190], [97, 75, 188], [66, 219, 235]]",-1.0,-1.0,"[36.644, 37.224, 37.86, 38.094, 37.674]"
3765,76.8.213.231,"[[97, 75, 190], [97, 75, 188], [66, 219, 235]]",-1.0,-1.0,"[42.798, 37.112, 37.759, 37.576, 37.64]"
3766,76.8.213.231,"[[97, 75, 190], [97, 75, 188], [66, 219, 235]]",-1.0,-1.0,"[36.423, 37.021, 37.628, 39.66, 37.599]"
3767,76.8.213.231,"[[97, 75, 190], [97, 75, 188], [66, 219, 235]]",-1.0,-1.0,"[36.492, 37.14, 39.638, 37.637, 37.601]"
3768,76.8.213.231,"[[97, 75, 190], [97, 75, 188], [66, 219, 235]]",-1.0,-1.0,"[36.578, 37.089, 37.61, 37.858, 37.645]"
3769,76.8.213.231,"[[97, 75, 190], [97, 75, 188], [66, 219, 235]]",-1.0,-1.0,"[36.389, 37.01, 37.585, 37.583, 37.637]"
3770,76.8.213.231,"[[97, 75, 190], [97, 75, 188], [66, 219, 235]]",-1.0,-1.0,"[36.604, 37.212, 37.863, 37.579, 37.576]"
3771,76.8.213.231,"[[97, 75, 190], [97, 75, 188], [66, 219, 235]]",-1.0,-1.0,"[37.079, 37.174, 37.611, 37.608, 37.623]"
3772,76.8.213.231,"[[97, 75, 190], [97, 75, 188], [66, 219, 235]]",-1.0,-1.0,"[36.609, 36.952, 37.63, 37.677, 37.629]"
3773,76.8.213.231,"[[97, 75, 190], [97, 75, 188], [66, 219, 235]]",-1.0,-1.0,"[36.617, 36.937, 37.622, 42.653, 37.616]"
3774,76.8.213.231,"[[97, 75, 190], [97, 75, 188], [66, 219, 235]]",-1.0,-1.0,"[37.072, 37.023, 37.854, 37.565, 37.633]"
3775,76.8.213.231,"[[97, 75, 190], [97, 75, 188], [66, 219, 235]]",-1.0,-1.0,"[36.605, 43.387, 37.776, 37.787, 37.71]"
3776,76.8.213.231,"[[97, 75, 190], [97, 75, 188], [66, 219, 235]]",-1.0,-1.0,"[36.773, 37.161, 37.684, 45.967, 37.656]"
3777,76.8.213.231,"[[97, 75, 190], [97, 75, 188], [66, 219, 235]]",-1.0,-1.0,"[36.758, 36.976, 37.608, 37.694, 37.69]"
3778,76.8.213.231,"[[97, 75, 190], [97, 75, 188], [66, 219, 235]]",-1.0,-1.0,"[48.859, 37.241, 37.609, 37.63, 37.734]"
3779,76.8.213.231,"[[97, 75, 190], [97, 75, 188], [66, 219, 235]]",-1.0,-1.0,"[36.96, 37.021, 37.81, 37.793, 37.546]"
3780,76.8.213.231,"[[97, 75, 190], [97, 75, 188], [66, 219, 235]]",-1.0,-1.0,"[36.753, 37.019, 37.641, 37.684, 37.705]"
3781,76.8.213.231,"[[97, 75, 190], [97, 75, 188], [66, 219, 235]]",-1.0,-1.0,"[37.858, 37.352, 40.465, 37.707, 37.671]"
3782,76.8.213.231,"[[97, 75, 190], [97, 75, 188], [66, 219, 235]]",-1.0,-1.0,"[36.628, 37.106, 37.625, 37.571, 37.648]"
3783,76.8.213.231,"[[97, 75, 190], [97, 75, 188], [66, 219, 235]]",-1.0,-1.0,"[36.947, 57.097, 37.822, 37.917, 37.817]"
3784,76.8.213.231,"[[97, 75, 190], [97, 75, 188], [66, 219, 235]]",-1.0,-1.0,"[36.735, 37.389, 37.622, 37.618, 37.71]"
3785,76.8.213.231,"[[97, 75, 190], [97, 75, 188], [66, 219, 235]]",-1.0,-1.0,"[36.792, 37.043, 37.833, 37.59, 37.656]"
3786,76.8.213.231,"[[97, 75, 190], [97, 75, 188], [66, 219, 235]]",-1.0,-1.0,"[36.692, 37.041, 37.767, 37.538, 37.761]"
3787,76.8.213.231,"[[97, 75, 190], [97, 75, 188], [66, 219, 235]]",-1.0,-1.0,"[36.62, 36.965, 37.709, 37.706, 37.704]"
3788,76.8.213.231,"[[97, 75, 190], [97, 75, 188], [66, 219, 235]]",-1.0,-1.0,"[36.643, 37.207, 37.677, 37.541, 37.599]"
3789,76.8.213.231,"[[97, 75, 190], [97, 75, 188], [66, 219, 235]]",-1.0,-1.0,"[36.558, 37.061, 37.718, 37.689, 37.688]"
3790,76.8.213.231,"[[97, 75, 190], [97, 75, 188], [66, 219, 235]]",-1.0,-1.0,"[36.686, 37.457, 37.755, 37.602, 37.676]"
3791,76.8.213.231,"[[97, 75, 190], [97, 75, 188], [66, 219, 235]]",-1.0,-1.0,"[36.731, 38.145, 37.707, 38.09, 37.701]"
3792,76.8.213.231,"[[97, 75, 190], [97, 75, 188], [66, 219, 235]]",-1.0,-1.0,"[36.541, 37.363, 37.91, 37.645, 37.719]"
3793,76.8.213.231,"[[97, 75, 190], [97, 75, 188], [66, 219, 235]]",-1.0,-1.0,"[36.7, 37.064, 37.561, 37.558, 37.68]"
3794,76.8.213.231,"[[97, 75, 190], [97, 75, 188], [66, 219, 235]]",-1.0,-1.0,"[36.597, 39.417, 37.644, 39.409, 37.611]"
3795,76.8.213.231,"[[97, 75, 190], [97, 75, 188], [66, 219, 235]]",-1.0,-1.0,"[36.991, 37.087, 37.617, 37.614, 37.612]"
3796,76.8.213.231,"[[97, 75, 190], [97, 75, 188], [66, 219, 235]]",-1.0,-1.0,"[36.73, 37.066, 37.586, 37.544, 37.642]"
3797,76.8.213.231,"[[97, 75, 190], [97, 75, 188], [66, 219, 235]]",-1.0,-1.0,"[36.491, 36.937, 37.63, 37.601, 37.648]"
3798,76.8.213.231,"[[97, 75, 190], [97, 75, 188], [66, 219, 235]]",-1.0,-1.0,"[52.056, 36.949, 37.752, 38.089, 37.638]"
3799,76.8.213.231,"[[97, 75, 190], [97, 75, 188], [66, 219, 235]]",-1.0,-1.0,"[38.471, 37.152, 37.613, 37.563, 37.576]"
3800,76.8.213.231,"[[97, 75, 190], [97, 75, 188], [66, 219, 235]]",-1.0,-1.0,"[36.866, 36.954, 37.777, 37.63, 37.659]"
3801,76.8.213.231,"[[97, 75, 190], [97, 75, 188], [66, 219, 235]]",-1.0,-1.0,"[36.676, 37.039, 49.273, 37.575, 37.62]"
3802,76.8.213.231,"[[97, 75, 190], [97, 75, 188], [66, 219, 235]]",-1.0,-1.0,"[36.537, 37.23, 37.595, 37.934, 37.624]"
3803,76.8.213.231,"[[97, 75, 190], [97, 75, 188], [66, 219, 235]]",-1.0,-1.0,"[36.907, 37.115, 37.624, 37.586, 37.605]"
3804,76.8.213.231,"[[97, 75, 190], [97, 75, 188], [66, 219, 235]]",-1.0,-1.0,"[36.67, 37.054, 37.818, 37.591, 37.597]"
3805,76.8.213.231,"[[97, 75, 190], [97, 75, 188], [66, 219, 235]]",-1.0,-1.0,"[36.947, 37.128, 37.704, 37.674, 37.693]"
3806,76.8.213.231,"[[97, 75, 190], [97, 75, 188], [66, 219, 235]]",-1.0,-1.0,"[37.287, 37.821, 37.57, 37.806, 37.613]"
3807,76.8.213.231,"[[97, 75, 190], [97, 75, 188], [66, 219, 235]]",-1.0,-1.0,"[36.593, 38.012, 37.691, 38.182, 37.649]"
3808,76.8.213.231,"[[97, 75, 190], [97, 75, 188], [66, 219, 235]]",-1.0,-1.0,"[36.637, 37.12, 37.646, 37.688, 37.672]"
3809,76.8.213.231,"[[97, 75, 190], [97, 75, 188], [66, 219, 235]]",-1.0,-1.0,"[36.675, 37.087, 37.677, 38.389, 37.744]"
3810,76.8.213.231,"[[97, 75, 190], [97, 75, 188], [66, 219, 235]]",-1.0,-1.0,"[36.614, 37.158, 38.84, 39.543, 37.647]"
3811,76.8.213.231,"[[97, 75, 190], [97, 75, 188], [66, 219, 235]]",-1.0,-1.0,"[36.784, 36.917, 37.769, 37.583, 37.603]"
3812,76.8.213.231,"[[97, 75, 190], [97, 75, 188], [66, 219, 235]]",-1.0,-1.0,"[36.802, 37.055, 37.595, 37.552, 37.608]"
3813,76.8.213.231,"[[97, 75, 190], [97, 75, 188], [66, 219, 235]]",-1.0,-1.0,"[45.576, 37.124, 37.751, 37.923, 37.602]"
3814,76.8.213.231,"[[97, 75, 190], [97, 75, 188], [66, 219, 235]]",-1.0,-1.0,"[36.648, 37.052, 37.683, 37.596, 37.689]"
3815,76.8.213.231,"[[97, 75, 190], [97, 75, 188], [66, 219, 235]]",-1.0,-1.0,"[36.682, 37.625, 37.765, 37.798, 37.759]"
3816,76.8.213.231,"[[97, 75, 190], [97, 75, 188], [66, 219, 235]]",-1.0,-1.0,"[36.664, 36.951, 37.661, 37.531, 37.705]"
3817,76.8.213.231,"[[97, 75, 190], [97, 75, 188], [66, 219, 235]]",-1.0,-1.0,"[36.581, 38.738, 37.656, 38.566, 37.625]"
3818,76.8.213.231,"[[97, 75, 190], [97, 75, 188], [66, 219, 235]]",-1.0,-1.0,"[37.139, 37.206, 37.74, 37.699, 37.67]"
3819,76.8.213.231,"[[97, 75, 190], [97, 75, 188], [66, 219, 235]]",-1.0,-1.0,"[36.813, 37.253, 37.669, 37.549, 37.632]"
3820,76.8.213.231,"[[97, 75, 190], [97, 75, 188], [66, 219, 235]]",-1.0,-1.0,"[36.854, 37.37, 37.803, 37.616, 37.932]"
3821,76.8.213.231,"[[97, 75, 190], [97, 75, 188], [66, 219, 235]]",-1.0,-1.0,"[36.698, 37.285, 37.581, 37.56, 37.694]"
3822,76.8.213.231,"[[97, 75, 190], [97, 75, 188], [66, 219, 235]]",-1.0,-1.0,"[44.652, 46.097, 44.733, 44.762, 44.675]"
3823,76.8.213.231,"[[97, 75, 190], [97, 75, 188], [66, 219, 235]]",-1.0,-1.0,"[36.559, 37.359, 37.768, 37.967, 37.695]"
3824,76.8.213.231,"[[97, 75, 190], [97, 75, 188], [66, 219, 235]]",-1.0,-1.0,"[59.981, 59.977, 37.992, 38.076, 37.987]"
3825,76.8.213.231,"[[97, 75, 190], [97, 75, 188], [66, 219, 235]]",-1.0,-1.0,"[36.657, 36.963, 37.665, 37.559, 37.639]"
3826,76.8.213.231,"[[97, 75, 190], [97, 75, 188], [66, 219, 235]]",-1.0,-1.0,"[37.095, 37.171, 37.744, 38.033, 37.625]"
3827,76.8.213.231,"[[97, 75, 190], [97, 75, 188], [66, 219, 235]]",-1.0,-1.0,"[36.77, 36.968, 38.272, 37.619, 37.692]"
3828,76.8.213.231,"[[97, 75, 190], [97, 75, 188], [66, 219, 235]]",-1.0,-1.0,"[36.582, 36.962, 37.647, 38.155, 37.673]"
3829,76.8.213.231,"[[97, 75, 190], [97, 75, 188], [66, 219, 235]]",-1.0,-1.0,"[36.686, 37.058, 37.856, 48.396, 37.608]"
3830,76.8.213.231,"[[97, 75, 190], [97, 75, 188], [66, 219, 235]]",-1.0,-1.0,"[36.767, 36.988, 37.773, 37.665, 37.615]"
3831,76.8.213.231,"[[97, 75, 190], [97, 75, 188], [66, 219, 235]]",-1.0,-1.0,"[36.444, 37.199, 37.779, 37.575, 37.625]"
3832,76.8.213.231,"[[97, 75, 190], [97, 75, 188], [66, 219, 235]]",-1.0,-1.0,"[36.812, 37.119, 37.824, 37.52, 37.637]"
3833,76.8.213.231,"[[97, 75, 190], [97, 75, 188], [66, 219, 235]]",-1.0,-1.0,"[36.773, 37.205, 37.609, 53.315, 37.63]"
3834,76.8.213.231,"[[97, 75, 190], [97, 75, 188], [66, 219, 235]]",-1.0,-1.0,"[36.714, 37.037, 37.798, 37.662, 37.676]"
3835,76.8.213.231,"[[97, 75, 190], [97, 75, 188], [66, 219, 235]]",-1.0,-1.0,"[36.731, 37.144, 37.702, 37.633, 37.629]"
3836,76.8.213.231,"[[97, 75, 190], [97, 75, 188], [66, 219, 235]]",-1.0,-1.0,"[36.678, 37.045, 37.902, 37.639, 37.647]"
3837,76.8.213.231,"[[97, 75, 190], [97, 75, 188], [66, 219, 235]]",-1.0,-1.0,"[36.819, 36.999, 37.689, 37.855, 37.702]"
3838,76.8.213.231,"[[97, 75, 190], [97, 75, 188], [66, 219, 235]]",-1.0,-1.0,"[36.894, 37.137, 37.592, 54.594, 37.685]"
3839,76.8.213.231,"[[97, 75, 190], [97, 75, 188], [66, 219, 235]]",-1.0,-1.0,"[36.616, 36.978, 38.623, 37.718, 37.773]"
3840,76.8.213.231,"[[97, 75, 190], [97, 75, 188], [66, 219, 235]]",-1.0,-1.0,"[36.614, 37.162, 37.867, 37.649, 37.682]"
3841,76.8.213.231,"[[97, 75, 190], [97, 75, 188], [66, 219, 235]]",-1.0,-1.0,"[36.579, 37.068, 37.613, 37.557, 37.634]"
3842,76.8.213.231,"[[97, 75, 190], [97, 75, 188], [66, 219, 235]]",-1.0,-1.0,"[36.531, 37.033, 37.835, 37.615, 37.829]"
3843,76.8.213.231,"[[97, 75, 190], [97, 75, 188], [66, 219, 235]]",-1.0,-1.0,"[36.83, 37.111, 37.589, 37.611, 37.563]"
3844,76.8.213.231,"[[97, 75, 190], [97, 75, 188], [66, 219, 235]]",-1.0,-1.0,"[36.422, 38.027, 37.766, 37.93, 37.762]"
3845,76.8.213.231,"[[97, 75, 190], [97, 75, 188], [66, 219, 235]]",-1.0,-1.0,"[36.948, 36.992, 37.615, 37.658, 37.718]"
3846,76.8.213.231,"[[97, 75, 190], [97, 75, 188], [66, 219, 235]]",-1.0,-1.0,"[37.018, 37.452, 38.473, 39.724, 38.035]"
3847,76.8.213.231,"[[97, 75, 190], [97, 75, 188], [66, 219, 235]]",-1.0,-1.0,"[36.675, 37.06, 37.614, 37.535, 37.657]"
3848,76.8.213.231,"[[97, 75, 190], [97, 75, 188], [66, 219, 235]]",-1.0,-1.0,"[36.825, 37.175, 37.78, 37.712, 37.772]"
3849,76.8.213.231,"[[97, 75, 190], [97, 75, 188], [66, 219, 235]]",-1.0,-1.0,"[36.575, 37.045, 37.65, 38.873, 37.644]"
3850,76.8.213.231,"[[97, 75, 190], [97, 75, 188], [66, 219, 235]]",-1.0,-1.0,"[37.096, 37.05, 37.661, 37.653, 37.648]"
3851,76.8.213.231,"[[97, 75, 190], [97, 75, 188], [66, 219, 235]]",-1.0,-1.0,"[36.999, 37.354, 37.766, 37.58, 37.737]"
3852,76.8.213.231,"[[97, 75, 190], [97, 75, 188], [66, 219, 235]]",-1.0,-1.0,"[36.717, 37.047, 37.713, 37.71, 37.798]"
3853,76.8.213.231,"[[97, 75, 190], [97, 75, 188], [66, 219, 235]]",-1.0,-1.0,"[37.497, 36.926, 37.665, 37.523, 37.655]"
3854,76.8.213.231,"[[97, 75, 190], [97, 75, 188], [66, 219, 235]]",-1.0,-1.0,"[36.913, 37.145, 37.535, 37.58, 37.638]"
3855,76.8.213.231,"[[97, 75, 190], [97, 75, 188], [66, 219, 235]]",-1.0,-1.0,"[36.75, 36.978, 37.667, 37.539, 37.652]"
3856,76.8.213.231,"[[97, 75, 190], [97, 75, 188], [66, 219, 235]]",-1.0,-1.0,"[36.597, 37.202, 37.679, 37.649, 37.647]"
3857,76.8.213.231,"[[97, 75, 190], [97, 75, 188], [66, 219, 235]]",-1.0,-1.0,"[36.815, 39.889, 39.886, 39.883, 39.88]"
3858,76.8.213.231,"[[97, 75, 190], [97, 75, 188], [66, 219, 235]]",-1.0,-1.0,"[36.877, 37.098, 37.666, 38.124, 37.715]"
3859,76.8.213.231,"[[97, 75, 190], [97, 75, 188], [66, 219, 235]]",-1.0,-1.0,"[36.935, 37.031, 37.708, 38.209, 37.702]"
3860,76.8.213.231,"[[97, 75, 190], [97, 75, 188], [66, 219, 235]]",-1.0,-1.0,"[36.862, 36.969, 38.073, 38.067, 38.062]"
3861,76.8.213.231,"[[97, 75, 190], [97, 75, 188], [66, 219, 235]]",-1.0,-1.0,"[36.727, 36.991, 37.74, 87.697, 37.664]"
3862,76.8.213.231,"[[97, 75, 190], [97, 75, 188], [66, 219, 235]]",-1.0,-1.0,"[36.584, 37.015, 38.74, 37.557, 37.609]"
3863,76.8.213.231,"[[97, 75, 190], [97, 75, 188], [66, 219, 235]]",-1.0,-1.0,"[36.803, 51.479, 37.812, 41.067, 37.725]"
3864,76.8.213.231,"[[97, 75, 190], [97, 75, 188], [66, 219, 235]]",-1.0,-1.0,"[36.38, 37.955, 37.647, 37.951, 37.882]"
3865,76.8.213.231,"[[97, 75, 190], [97, 75, 188], [66, 219, 235]]",-1.0,-1.0,"[36.671, 37.066, 37.59, 45.712, 37.633]"
3866,76.8.213.231,"[[97, 75, 190], [97, 75, 188], [66, 219, 235]]",-1.0,-1.0,"[41.162, 41.16, 41.157, 44.238, 41.153]"
3867,76.8.213.231,"[[97, 75, 190], [97, 75, 188], [66, 219, 235]]",-1.0,-1.0,"[36.628, 37.103, 37.795, 37.565, 37.711]"
3868,76.8.213.231,"[[97, 75, 190], [97, 75, 188], [66, 219, 235]]",-1.0,-1.0,"[77.642, 43.176, 37.798, 37.965, 37.781]"
3869,76.8.213.231,"[[97, 75, 190], [97, 75, 188], [66, 219, 235]]",-1.0,-1.0,"[36.703, 40.304, 37.838, 37.818, 37.679]"
3870,76.8.213.231,"[[97, 75, 190], [97, 75, 188], [66, 219, 235]]",-1.0,-1.0,"[36.827, 37.172, 37.703, 37.558, 37.81]"
3871,76.8.213.231,"[[97, 75, 190], [97, 75, 188], [66, 219, 235]]",-1.0,-1.0,"[36.835, 37.282, 37.572, 37.568, 37.658]"
3872,76.8.213.231,"[[97, 75, 190], [97, 75, 188], [66, 219, 235]]",-1.0,-1.0,"[58.787, 37.248, 37.949, 37.666, 37.769]"
3873,76.8.213.231,"[[97, 75, 190], [97, 75, 188], [66, 219, 235]]",-1.0,-1.0,"[36.534, 37.073, 37.689, 37.546, 37.684]"
3874,76.8.213.231,"[[97, 75, 190], [97, 75, 188], [66, 219, 235]]",-1.0,-1.0,"[36.655, 37.215, 37.727, 38.292, 37.721]"
3875,76.8.213.231,"[[97, 75, 190], [97, 75, 188], [66, 219, 235]]",-1.0,-1.0,"[36.78, 37.008, 37.666, 37.56, 37.684]"
3876,76.8.213.231,"[[97, 75, 190], [97, 75, 188], [66, 219, 235]]",-1.0,-1.0,"[37.007, 37.632, 37.6, 37.914, 37.742]"
3877,76.8.213.231,"[[97, 75, 190], [97, 75, 188], [66, 219, 235]]",-1.0,-1.0,"[36.782, 36.905, 38.346, 37.912, 37.749]"
3878,76.8.213.231,"[[97, 75, 190], [97, 75, 188], [66, 219, 235]]",-1.0,-1.0,"[36.984, 37.114, 47.759, 48.57, 37.612]"
3879,76.8.213.231,"[[97, 75, 190], [97, 75, 188], [66, 219, 235]]",-1.0,-1.0,"[36.476, 37.268, 37.842, 37.566, 37.662]"
3880,76.8.213.231,"[[97, 75, 190], [97, 75, 188], [66, 219, 235]]",-1.0,-1.0,"[39.217, 37.162, 37.626, 37.699, 37.692]"
3881,76.8.213.231,"[[97, 75, 190], [97, 75, 188], [66, 219, 235]]",-1.0,-1.0,"[36.604, 64.07, 37.742, 37.936, 37.831]"
3882,76.8.213.231,"[[97, 75, 190], [97, 75, 188], [66, 219, 235]]",-1.0,-1.0,"[36.961, 37.281, 37.862, 37.858, 37.749]"
3883,76.8.213.231,"[[97, 75, 190], [97, 75, 188], [66, 219, 235]]",-1.0,-1.0,"[36.615, 37.282, 37.689, 37.617, 37.612]"
3884,76.8.213.231,"[[97, 75, 190], [97, 75, 188], [66, 219, 235]]",-1.0,-1.0,"[36.616, 36.979, 37.803, 37.586, 37.581]"
3885,76.8.213.231,"[[97, 75, 190], [97, 75, 188], [66, 219, 235]]",-1.0,-1.0,"[60.872, 37.283, 37.949, 37.582, 37.661]"
3886,76.8.213.231,"[[97, 75, 190], [97, 75, 188], [66, 219, 235]]",-1.0,-1.0,"[36.661, 37.046, 37.55, 37.636, 37.691]"
3887,76.8.213.231,"[[97, 75, 190], [97, 75, 188], [66, 219, 235]]",-1.0,-1.0,"[36.958, 37.022, 37.84, 37.733, 37.667]"
3888,76.8.213.231,"[[97, 75, 190], [97, 75, 188], [66, 219, 235]]",-1.0,-1.0,"[36.674, 37.013, 37.68, 37.562, 37.629]"
3889,76.8.213.231,"[[97, 75, 190], [97, 75, 188], [66, 219, 235]]",-1.0,-1.0,"[36.384, 37.077, 37.68, 37.674, 37.667]"
3890,76.8.213.231,"[[97, 75, 190], [97, 75, 188], [66, 219, 235]]",-1.0,-1.0,"[36.584, 37.239, 37.775, 37.695, 37.757]"
3891,76.8.213.231,"[[97, 75, 190], [97, 75, 188], [66, 219, 235]]",-1.0,-1.0,"[36.975, 37.089, 37.984, 37.626, 37.649]"
3892,76.8.213.231,"[[97, 75, 190], [97, 75, 188], [66, 219, 235]]",-1.0,-1.0,"[37.678, 36.976, 37.673, 37.648, 37.679]"
3893,76.8.213.231,"[[97, 75, 190], [97, 75, 188], [66, 219, 235]]",-1.0,-1.0,"[36.547, 37.068, 37.79, 37.622, 37.724]"
3894,76.8.213.231,"[[97, 75, 190], [97, 75, 188], [66, 219, 235]]",-1.0,-1.0,"[36.573, 37.002, 37.619, 37.588, 37.614]"
3895,76.8.213.231,"[[97, 75, 190], [97, 75, 188], [66, 219, 235]]",-1.0,-1.0,"[36.587, 37.207, 37.66, 37.646, 37.575]"
3896,76.8.213.231,"[[97, 75, 190], [97, 75, 188], [66, 219, 235]]",-1.0,-1.0,"[38.072, 37.005, 37.636, 37.667, 37.743]"
3897,76.8.213.231,"[[97, 75, 190], [97, 75, 188], [66, 219, 235]]",-1.0,-1.0,"[36.807, 37.08, 37.924, 37.668, 37.566]"
3898,76.8.213.231,"[[97, 75, 190], [97, 75, 188], [66, 219, 235]]",-1.0,-1.0,"[36.68, 37.213, 37.614, 37.648, 37.602]"
3899,76.8.213.231,"[[97, 75, 190], [97, 75, 188], [66, 219, 235]]",-1.0,-1.0,"[36.757, 37.296, 53.607, 37.613, 37.678]"
3900,76.8.213.231,"[[97, 75, 190], [97, 75, 188], [66, 219, 235]]",-1.0,-1.0,"[36.588, 37.142, 37.795, 37.647, 37.749]"
3901,76.8.213.231,"[[97, 75, 190], [97, 75, 188], [66, 219, 235]]",-1.0,-1.0,"[36.404, 37.008, 53.118, 37.608, 37.758]"
3902,76.8.213.231,"[[97, 75, 190], [97, 75, 188], [66, 219, 235]]",-1.0,-1.0,"[58.878, 37.426, 37.851, 37.557, 37.624]"
3903,76.8.213.231,"[[97, 75, 190], [97, 75, 188], [66, 219, 235]]",-1.0,-1.0,"[36.529, 37.961, 37.791, 37.958, 37.814]"
3904,76.8.213.231,"[[97, 75, 190], [97, 75, 188], [66, 219, 235]]",-1.0,-1.0,"[36.74, 37.129, 37.654, 37.641, 37.668]"
3905,76.8.213.231,"[[97, 75, 190], [97, 75, 188], [66, 219, 235]]",-1.0,-1.0,"[36.483, 37.041, 37.6, 37.554, 37.725]"
3906,76.8.213.231,"[[97, 75, 190], [97, 75, 188], [66, 219, 235]]",-1.0,-1.0,"[36.504, 36.894, 37.685, 37.703, 37.672]"
3907,76.8.213.231,"[[97, 75, 190], [97, 75, 188], [66, 219, 235]]",-1.0,-1.0,"[37.533, 36.926, 37.599, 37.596, 37.643]"
3908,76.8.213.231,"[[97, 75, 190], [97, 75, 188], [66, 219, 235]]",-1.0,-1.0,"[36.832, 37.118, 37.764, 39.164, 37.75]"
3909,76.8.213.231,"[[97, 75, 190], [97, 75, 188], [66, 219, 235]]",-1.0,-1.0,"[36.612, 37.01, 37.594, 37.583, 37.682]"
3910,76.8.213.231,"[[97, 75, 190], [97, 75, 188], [66, 219, 235]]",-1.0,-1.0,"[36.434, 37.746, 37.843, 56.464, 37.699]"
3911,76.8.213.231,"[[97, 75, 190], [97, 75, 188], [66, 219, 235]]",-1.0,-1.0,"[36.43, 37.215, 37.722, 37.603, 37.615]"
3912,76.8.213.231,"[[97, 75, 190], [97, 75, 188], [66, 219, 235]]",-1.0,-1.0,"[36.954, 36.95, 37.573, 37.565, 37.609]"
3913,76.8.213.231,"[[97, 75, 190], [97, 75, 188], [66, 219, 235]]",-1.0,-1.0,"[36.741, 37.101, 37.863, 38.303, 37.722]"
3914,76.8.213.231,"[[97, 75, 190], [97, 75, 188], [66, 219, 235]]",-1.0,-1.0,"[37.07, 37.066, 37.846, 40.16, 37.704]"
3915,76.8.213.231,"[[97, 75, 190], [97, 75, 188], [66, 219, 235]]",-1.0,-1.0,"[36.697, 37.551, 37.57, 37.89, 37.778]"
3916,76.8.213.231,"[[97, 75, 190], [97, 75, 188], [66, 219, 235]]",-1.0,-1.0,"[36.92, 36.951, 37.925, 37.92, 37.916]"
3917,76.8.213.231,"[[97, 75, 190], [97, 75, 188], [66, 219, 235]]",-1.0,-1.0,"[36.569, 37.015, 37.654, 37.705, 37.597]"
3918,76.8.213.231,"[[97, 75, 190], [97, 75, 188], [66, 219, 235]]",-1.0,-1.0,"[36.618, 36.988, 37.611, 37.608, 37.746]"
3919,76.8.213.231,"[[97, 75, 190], [97, 75, 188], [66, 219, 235]]",-1.0,-1.0,"[36.552, 37.019, 37.77, 37.585, 37.644]"
3920,76.8.213.231,"[[97, 75, 190], [97, 75, 188], [66, 219, 235]]",-1.0,-1.0,"[37.294, 37.291, 37.795, 37.622, 37.744]"
3921,76.8.213.231,"[[97, 75, 190], [97, 75, 188], [66, 219, 235]]",-1.0,-1.0,"[36.439, 36.901, 37.595, 37.568, 37.645]"
3922,76.8.213.231,"[[97, 75, 190], [97, 75, 188], [66, 219, 235]]",-1.0,-1.0,"[36.615, 36.938, 37.693, 38.384, 37.684]"
3923,76.8.213.231,"[[97, 75, 190], [97, 75, 188], [66, 219, 235]]",-1.0,-1.0,"[36.877, 37.022, 37.702, 39.391, 37.666]"
3924,76.8.213.231,"[[97, 75, 190], [97, 75, 188], [66, 219, 235]]",-1.0,-1.0,"[36.598, 37.278, 37.704, 37.633, 37.648]"
3925,76.8.213.231,"[[97, 75, 190], [97, 75, 188], [66, 219, 235]]",-1.0,-1.0,"[36.435, 37.144, 38.976, 37.597, 37.585]"
3926,76.8.213.231,"[[97, 75, 190], [97, 75, 188], [66, 219, 235]]",-1.0,-1.0,"[36.886, 37.608, 37.685, 37.6, 37.76]"
3927,76.8.213.231,"[[97, 75, 190], [97, 75, 188], [66, 219, 235]]",-1.0,-1.0,"[36.981, 37.02, 37.628, 37.626, 37.644]"
3928,76.8.213.231,"[[97, 75, 190], [97, 75, 188], [66, 219, 235]]",-1.0,-1.0,"[36.691, 37.195, 37.586, 37.584, 37.661]"
3929,76.8.213.231,"[[97, 75, 190], [97, 75, 188], [66, 219, 235]]",-1.0,-1.0,"[43.152, 37.84, 37.671, 37.795, 37.662]"
3930,76.8.213.231,"[[97, 75, 190], [97, 75, 188], [66, 219, 235]]",-1.0,-1.0,"[41.152, 36.979, 37.698, 37.561, 37.66]"
3931,76.8.213.231,"[[97, 75, 190], [97, 75, 188], [66, 219, 235]]",-1.0,-1.0,"[36.449, 37.033, 37.655, 37.699, 37.667]"
3932,76.8.213.231,"[[97, 75, 190], [97, 75, 188], [66, 219, 235]]",-1.0,-1.0,"[36.689, 37.088, 37.615, 37.564, 37.639]"
3933,76.8.213.231,"[[97, 75, 190], [97, 75, 188], [66, 219, 235]]",-1.0,-1.0,"[36.625, 36.987, 37.661, 37.658, 37.654]"
3934,76.8.213.231,"[[97, 75, 190], [97, 75, 188], [66, 219, 235]]",-1.0,-1.0,"[36.759, 37.214, 38.188, 37.935, 37.608]"
3935,76.8.213.231,"[[97, 75, 190], [97, 75, 188], [66, 219, 235]]",-1.0,-1.0,"[36.672, 37.081, 37.762, 37.572, 37.721]"
3936,76.8.213.231,"[[97, 75, 190], [97, 75, 188], [66, 219, 235]]",-1.0,-1.0,"[36.368, 37.107, 37.562, 37.56, 37.792]"
3937,76.8.213.231,"[[97, 75, 190], [97, 75, 188], [66, 219, 235]]",-1.0,-1.0,"[36.701, 37.132, 37.633, 41.291, 37.685]"
3938,76.8.213.231,"[[97, 75, 190], [97, 75, 188], [66, 219, 235]]",-1.0,-1.0,"[36.723, 37.085, 37.538, 37.674, 37.609]"
3939,76.8.213.231,"[[97, 75, 190], [97, 75, 188], [66, 219, 235]]",-1.0,-1.0,"[36.444, 36.885, 46.631, 37.609, 37.6]"
3940,76.8.213.231,"[[97, 75, 190], [97, 75, 188], [66, 219, 235]]",-1.0,-1.0,"[36.475, 37.296, 37.703, 37.642, 37.642]"
3941,76.8.213.231,"[[97, 75, 190], [97, 75, 188], [66, 219, 235]]",-1.0,-1.0,"[36.585, 37.091, 38.115, 37.511, 37.57]"
3942,76.8.213.231,"[[97, 75, 190], [97, 75, 188], [66, 219, 235]]",-1.0,-1.0,"[36.664, 36.97, 37.656, 39.316, 37.652]"
3943,76.8.213.231,"[[97, 75, 190], [97, 75, 188], [66, 219, 235]]",-1.0,-1.0,"[36.832, 37.251, 37.752, 37.744, 37.755]"
3944,76.8.213.231,"[[97, 75, 190], [97, 75, 188], [66, 219, 235]]",-1.0,-1.0,"[36.735, 37.139, 37.68, 37.699, 37.692]"
3945,76.8.213.231,"[[97, 75, 190], [97, 75, 188], [66, 219, 235]]",-1.0,-1.0,"[36.827, 36.984, 37.972, 37.59, 37.623]"
3946,76.8.213.231,"[[97, 75, 190], [97, 75, 188], [66, 219, 235]]",-1.0,-1.0,"[36.381, 36.987, 40.059, 37.567, 37.681]"
3947,76.8.213.231,"[[97, 75, 190], [97, 75, 188], [66, 219, 235]]",-1.0,-1.0,"[37.093, 37.018, 37.577, 37.572, 37.673]"
3948,76.8.213.231,"[[97, 75, 190], [97, 75, 188], [66, 219, 235]]",-1.0,-1.0,"[36.627, 37.132, 37.889, 37.613, 37.716]"
3949,76.8.213.231,"[[97, 75, 190], [97, 75, 188], [66, 219, 235]]",-1.0,-1.0,"[36.614, 37.166, 37.62, 37.584, 37.611]"
3950,76.8.213.231,"[[97, 75, 190], [97, 75, 188], [66, 219, 235]]",-1.0,-1.0,"[36.777, 36.96, 37.619, 37.573, 37.596]"
3951,76.8.213.231,"[[97, 75, 190], [97, 75, 188], [66, 219, 235]]",-1.0,-1.0,"[36.745, 36.997, 38.155, 37.571, 37.635]"
3952,76.8.213.231,"[[97, 75, 190], [97, 75, 188], [66, 219, 235]]",-1.0,-1.0,"[36.527, 37.182, 37.84, 37.639, 37.744]"
3953,76.8.213.231,"[[97, 75, 190], [97, 75, 188], [66, 219, 235]]",-1.0,-1.0,"[36.348, 37.183, 37.55, 37.568, 37.556]"
3954,76.8.213.231,"[[97, 75, 190], [97, 75, 188], [66, 219, 235]]",-1.0,-1.0,"[36.386, 37.306, 38.63, 37.539, 37.632]"
3955,76.8.213.231,"[[97, 75, 190], [97, 75, 188], [66, 219, 235]]",-1.0,-1.0,"[36.843, 36.986, 37.653, 37.683, 37.788]"
3956,76.8.213.231,"[[97, 75, 190], [97, 75, 188], [66, 219, 235]]",-1.0,-1.0,"[38.174, 38.168, 38.837, 44.611, 38.396]"
3957,76.8.213.231,"[[97, 75, 190], [97, 75, 188], [66, 219, 235]]",-1.0,-1.0,"[36.597, 36.929, 37.739, 37.559, 37.856]"
3958,76.8.213.231,"[[97, 75, 190], [97, 75, 188], [66, 219, 235]]",-1.0,-1.0,"[36.754, 37.289, 37.632, 37.573, 37.812]"
3959,76.8.213.231,"[[97, 75, 190], [97, 75, 188], [66, 219, 235]]",-1.0,-1.0,"[36.514, 36.966, 46.716, 39.274, 37.694]"
3960,76.8.213.231,"[[97, 75, 190], [97, 75, 188], [66, 219, 235]]",-1.0,-1.0,"[36.607, 37.031, 67.989, 37.598, 37.587]"
3961,76.8.213.231,"[[97, 75, 190], [97, 75, 188], [66, 219, 235]]",-1.0,-1.0,"[36.897, 37.018, 48.376, 37.548, 37.772]"
3962,76.8.213.231,"[[97, 75, 190], [97, 75, 188], [66, 219, 235]]",-1.0,-1.0,"[38.662, 37.062, 37.813, 37.625, 37.738]"
3963,76.8.213.231,"[[97, 75, 190], [97, 75, 188], [66, 219, 235]]",-1.0,-1.0,"[58.419, 37.078, 37.748, 37.625, 37.646]"
3964,76.8.213.231,"[[97, 75, 190], [97, 75, 188], [66, 219, 235]]",-1.0,-1.0,"[36.429, 37.936, 37.731, 37.917, 37.723]"
3965,76.8.213.231,"[[97, 75, 190], [97, 75, 188], [66, 219, 235]]",-1.0,-1.0,"[36.797, 37.265, 37.797, 37.794, 37.601]"
3966,76.8.213.231,"[[97, 75, 190], [97, 75, 188], [66, 219, 235]]",-1.0,-1.0,"[36.578, 36.982, 42.275, 37.549, 37.724]"
3967,76.8.213.231,"[[97, 75, 190], [97, 75, 188], [66, 219, 235]]",-1.0,-1.0,"[36.782, 37.121, 37.71, 37.583, 37.718]"
3968,76.8.213.231,"[[97, 75, 190], [97, 75, 188], [66, 219, 235]]",-1.0,-1.0,"[36.445, 37.062, 37.685, 38.751, 37.851]"
3969,76.8.213.231,"[[97, 75, 190], [97, 75, 188], [66, 219, 235]]",-1.0,-1.0,"[36.882, 37.284, 41.977, 38.143, 37.837]"
3970,76.8.213.231,"[[97, 75, 190], [97, 75, 188], [66, 219, 235]]",-1.0,-1.0,"[37.593, 37.193, 37.593, 37.58, 38.323]"
3971,76.8.213.231,"[[97, 75, 190], [97, 75, 188], [66, 219, 235]]",-1.0,-1.0,"[36.433, 37.208, 38.379, 37.562, 37.721]"
3972,76.8.213.231,"[[97, 75, 190], [97, 75, 188], [66, 219, 235]]",-1.0,-1.0,"[36.845, 37.123, 37.786, 37.558, 37.602]"
3973,76.8.213.231,"[[97, 75, 190], [97, 75, 188], [66, 219, 235]]",-1.0,-1.0,"[37.213, 37.126, 38.033, 37.571, 38.028]"
3974,76.8.213.231,"[[97, 75, 190], [97, 75, 188], [66, 219, 235]]",-1.0,-1.0,"[36.41, 45.409, 37.651, 39.566, 37.642]"
3975,76.8.213.231,"[[97, 75, 190], [97, 75, 188], [66, 219, 235]]",-1.0,-1.0,"[36.665, 36.905, 37.615, 93.084, 37.66]"
3976,76.8.213.231,"[[97, 75, 190], [97, 75, 188], [66, 219, 235]]",-1.0,-1.0,"[36.734, 36.942, 37.645, 37.674, 37.825]"
3977,76.8.213.231,"[[97, 75, 190], [97, 75, 188], [66, 219, 235]]",-1.0,-1.0,"[42.682, 38.236, 37.65, 37.763, 37.633]"
3978,76.8.213.231,"[[97, 75, 190], [97, 75, 188], [66, 219, 235]]",-1.0,-1.0,"[36.439, 36.997, 37.643, 37.613, 37.637]"
3979,76.8.213.231,"[[97, 75, 190], [97, 75, 188], [66, 219, 235]]",-1.0,-1.0,"[36.65, 37.174, 37.707, 37.705, 37.751]"
3980,76.8.213.231,"[[97, 75, 190], [97, 75, 188], [66, 219, 235]]",-1.0,-1.0,"[36.681, 37.083, 39.082, 37.648, 37.696]"
3981,76.8.213.231,"[[97, 75, 190], [97, 75, 188], [66, 219, 235]]",-1.0,-1.0,"[36.578, 37.157, 37.734, 37.72, 37.749]"
3982,76.8.213.231,"[[97, 75, 190], [97, 75, 188], [66, 219, 235]]",-1.0,-1.0,"[36.949, 37.035, 37.658, 37.604, 37.601]"
3983,76.8.213.231,"[[97, 75, 190], [97, 75, 188], [66, 219, 235]]",-1.0,-1.0,"[36.997, 37.141, 37.782, 38.032, 37.636]"
3984,76.8.213.231,"[[97, 75, 190], [97, 75, 188], [66, 219, 235]]",-1.0,-1.0,"[36.74, 37.165, 37.675, 37.557, 37.737]"
3985,76.8.213.231,"[[97, 75, 190], [97, 75, 188], [66, 219, 235]]",-1.0,-1.0,"[36.792, 37.132, 38.114, 37.608, 37.66]"
3986,76.8.213.231,"[[97, 75, 190], [97, 75, 188], [66, 219, 235]]",-1.0,-1.0,"[36.63, 37.957, 37.609, 37.934, 37.792]"
3987,76.8.213.231,"[[97, 75, 190], [97, 75, 188], [66, 219, 235]]",-1.0,-1.0,"[37.015, 37.135, 37.587, 37.584, 37.677]"
3988,76.8.213.231,"[[97, 75, 190], [97, 75, 188], [66, 219, 235]]",-1.0,-1.0,"[36.734, 37.488, 37.714, 39.667, 37.604]"
3989,76.8.213.231,"[[97, 75, 190], [97, 75, 188], [66, 219, 235]]",-1.0,-1.0,"[36.464, 37.217, 37.644, 37.61, 37.799]"
3990,76.8.213.231,"[[97, 75, 190], [97, 75, 188], [66, 219, 235]]",-1.0,-1.0,"[36.766, 37.293, 37.801, 37.57, 37.567]"
3991,76.8.213.231,"[[97, 75, 190], [97, 75, 188], [66, 219, 235]]",-1.0,-1.0,"[36.757, 37.067, 48.941, 37.552, 37.724]"
3992,76.8.213.231,"[[97, 75, 190], [97, 75, 188], [66, 219, 235]]",-1.0,-1.0,"[36.442, 37.109, 43.964, 37.613, 37.674]"
3993,76.8.213.231,"[[97, 75, 190], [97, 75, 188], [66, 219, 235]]",-1.0,-1.0,"[36.825, 37.098, 37.696, 37.634, 37.614]"
3994,76.8.213.231,"[[97, 75, 190], [97, 75, 188], [66, 219, 235]]",-1.0,-1.0,"[37.288, 37.283, 37.873, 39.273, 37.713]"
3995,76.8.213.231,"[[97, 75, 190], [97, 75, 188], [66, 219, 235]]",-1.0,-1.0,"[36.558, 38.524, 37.618, 38.517, 37.718]"
3996,76.8.213.231,"[[97, 75, 190], [97, 75, 188], [66, 219, 235]]",-1.0,-1.0,"[36.482, 36.982, 37.664, 37.638, 37.633]"
3997,76.8.213.231,"[[97, 75, 190], [97, 75, 188], [66, 219, 235]]",-1.0,-1.0,"[37.865, 36.969, 37.639, 37.708, 37.76]"
3998,76.8.213.231,"[[97, 75, 190], [97, 75, 188], [66, 219, 235]]",-1.0,-1.0,"[36.791, 39.023, 37.684, 37.899, 37.698]"
3999,76.8.213.231,"[[97, 75, 190], [97, 75, 188], [66, 219, 235]]",-1.0,-1.0,"[36.51, 36.96, 37.791, 37.539, 37.783]"
4000,76.8.213.231,"[[97, 75, 190], [97, 75, 188], [66, 219, 235]]",-1.0,-1.0,"[36.906, 36.995, 37.611, 37.549, 37.664]"
4001,76.8.213.231,"[[97, 75, 190], [97, 75, 188], [66, 219, 235]]",-1.0,-1.0,"[36.833, 37.022, 37.663, 37.594, 37.591]"
4002,76.8.213.231,"[[97, 75, 190], [97, 75, 188], [66, 219, 235]]",-1.0,-1.0,"[36.874, 36.999, 37.795, 37.623, 37.699]"
4003,76.8.213.231,"[[97, 75, 190], [97, 75, 188], [66, 219, 235]]",-1.0,-1.0,"[36.562, 37.207, 37.66, 37.589, 37.708]"
4004,76.8.213.231,"[[97, 75, 190], [97, 75, 188], [66, 219, 235]]",-1.0,-1.0,"[36.837, 38.063, 37.518, 37.863, 37.613]"
4005,76.8.213.231,"[[97, 75, 190], [97, 75, 188], [66, 219, 235]]",-1.0,-1.0,"[36.621, 36.96, 37.632, 38.837, 37.581]"
4006,76.8.213.231,"[[97, 75, 190], [97, 75, 188], [66, 219, 235]]",-1.0,-1.0,"[36.835, 37.113, 37.737, 37.623, 37.73]"
4007,76.8.213.231,"[[97, 75, 190], [97, 75, 188], [66, 219, 235]]",-1.0,-1.0,"[36.605, 36.995, 37.74, 37.731, 37.72]"
4008,76.8.213.231,"[[97, 75, 190], [97, 75, 188], [66, 219, 235]]",-1.0,-1.0,"[53.532, 37.201, 37.623, 37.658, 37.739]"
4009,76.8.213.231,"[[97, 75, 190], [97, 75, 188], [66, 219, 235]]",-1.0,-1.0,"[36.678, 47.05, 37.7, 37.926, 37.626]"
4010,76.8.213.231,"[[97, 75, 190], [97, 75, 188], [66, 219, 235]]",-1.0,-1.0,"[36.983, 37.049, 37.732, 37.571, 37.649]"
4011,76.8.213.231,"[[97, 75, 190], [97, 75, 188], [66, 219, 235]]",-1.0,-1.0,"[36.603, 37.045, 38.569, 37.596, 37.572]"
4012,76.8.213.231,"[[97, 75, 190], [97, 75, 188], [66, 219, 235]]",-1.0,-1.0,"[36.946, 37.227, 37.886, 37.883, 37.812]"
4013,76.8.213.231,"[[97, 75, 190], [97, 75, 188], [66, 219, 235]]",-1.0,-1.0,"[36.431, 37.187, 37.689, 37.663, 37.659]"
4014,76.8.213.231,"[[97, 75, 190], [97, 75, 188], [66, 219, 235]]",-1.0,-1.0,"[36.931, 37.029, 37.67, 37.643, 37.702]"
4015,76.8.213.231,"[[97, 75, 190], [97, 75, 188], [66, 219, 235]]",-1.0,-1.0,"[36.399, 36.933, 38.379, 40.807, 40.802]"
4016,76.8.213.231,"[[97, 75, 190], [97, 75, 188], [66, 219, 235]]",-1.0,-1.0,"[36.575, 37.229, 37.642, 37.571, 37.626]"
4017,76.8.213.231,"[[97, 75, 190], [97, 75, 188], [66, 219, 235]]",-1.0,-1.0,"[36.388, 37.328, 37.636, 37.679, 37.721]"
4018,76.8.213.231,"[[97, 75, 190], [97, 75, 188], [66, 219, 235]]",-1.0,-1.0,"[36.831, 40.617, 37.732, 37.868, 37.747]"
4019,76.8.213.231,"[[97, 75, 190], [97, 75, 188], [66, 219, 235]]",-1.0,-1.0,"[36.431, 37.655, 37.652, 37.65, 37.793]"
4020,76.8.213.231,"[[97, 75, 190], [97, 75, 188], [66, 219, 235]]",-1.0,-1.0,"[36.68, 37.089, 40.607, 37.576, 37.604]"
4021,76.8.213.231,"[[97, 75, 190], [97, 75, 188], [66, 219, 235]]",-1.0,-1.0,"[36.47, 36.885, 37.702, 37.625, 37.695]"
4022,76.8.213.231,"[[97, 75, 190], [97, 75, 188], [66, 219, 235]]",-1.0,-1.0,"[36.629, 36.972, 37.583, 37.568, 37.72]"
4023,76.8.213.231,"[[97, 75, 190], [97, 75, 188], [66, 219, 235]]",-1.0,-1.0,"[36.556, 37.051, 37.794, 37.613, 37.785]"
4024,76.8.213.231,"[[97, 75, 190], [97, 75, 188], [66, 219, 235]]",-1.0,-1.0,"[36.7, 36.926, 37.562, 37.554, 37.65]"
4025,76.8.213.231,"[[97, 75, 190], [97, 75, 188], [66, 219, 235]]",-1.0,-1.0,"[36.869, 37.086, 37.735, 37.587, 37.791]"
4026,76.8.213.231,"[[97, 75, 190], [97, 75, 188], [66, 219, 235]]",-1.0,-1.0,"[36.387, 37.121, 37.702, 37.81, 37.695]"
4027,76.8.213.231,"[[97, 75, 190], [97, 75, 188], [66, 219, 235]]",-1.0,-1.0,"[36.806, 37.288, 38.554, 37.503, 37.7]"
4028,76.8.213.231,"[[97, 75, 190], [97, 75, 188], [66, 219, 235]]",-1.0,-1.0,"[36.711, 36.985, 37.832, 39.767, 37.635]"
4029,76.8.213.231,"[[97, 75, 190], [97, 75, 188], [66, 219, 235]]",-1.0,-1.0,"[36.386, 37.153, 45.003, 37.702, 37.689]"
4030,76.8.213.231,"[[97, 75, 190], [97, 75, 188], [66, 219, 235]]",-1.0,-1.0,"[36.434, 37.161, 37.671, 37.605, 37.665]"
4031,76.8.213.231,"[[97, 75, 190], [97, 75, 188], [66, 219, 235]]",-1.0,-1.0,"[36.434, 37.047, 37.829, 40.019, 37.618]"
4032,76.8.213.231,"[[97, 75, 190], [97, 75, 188], [66, 219, 235]]",-1.0,-1.0,"[36.556, 37.007, 37.625, 37.623, 37.658]"
4033,76.8.213.231,"[[97, 75, 190], [97, 75, 188], [66, 219, 235]]",-1.0,-1.0,"[36.398, 36.886, 37.581, 37.569, 37.643]"
4034,76.8.213.231,"[[97, 75, 190], [97, 75, 188], [66, 219, 235]]",-1.0,-1.0,"[37.104, 43.767, 37.586, 37.871, 37.598]"
4035,76.8.213.231,"[[97, 75, 190], [97, 75, 188], [66, 219, 235]]",-1.0,-1.0,"[43.365, 37.178, 37.801, 37.555, 37.635]"
4036,76.8.213.231,"[[97, 75, 190], [97, 75, 188], [66, 219, 235]]",-1.0,-1.0,"[36.692, 37.8, 37.832, 55.47, 37.724]"
4037,76.8.213.231,"[[97, 75, 190], [97, 75, 188], [66, 219, 235]]",-1.0,-1.0,"[36.356, 36.979, 37.606, 37.603, 37.646]"
4038,76.8.213.231,"[[97, 75, 190], [97, 75, 188], [66, 219, 235]]",-1.0,-1.0,"[37.688, 37.238, 37.829, 37.677, 37.821]"
4039,76.8.213.231,"[[97, 75, 190], [97, 75, 188], [66, 219, 235]]",-1.0,-1.0,"[36.688, 37.181, 37.631, 37.546, 37.624]"
4040,76.8.213.231,"[[97, 75, 190], [97, 75, 188], [66, 219, 235]]",-1.0,-1.0,"[36.671, 37.35, 37.639, 37.667, 37.759]"
4041,76.8.213.231,"[[97, 75, 190], [97, 75, 188], [66, 219, 235]]",-1.0,-1.0,"[36.852, 37.02, 37.531, 37.54, 37.647]"
4042,76.8.213.231,"[[97, 75, 190], [97, 75, 188], [66, 219, 235]]",-1.0,-1.0,"[36.638, 36.968, 37.907, 37.636, 37.902]"
4043,76.8.213.231,"[[97, 75, 190], [97, 75, 188], [66, 219, 235]]",-1.0,-1.0,"[36.658, 37.904, 37.801, 37.798, 37.729]"
4044,76.8.213.231,"[[97, 75, 190], [97, 75, 188], [66, 219, 235]]",-1.0,-1.0,"[36.711, 36.987, 37.724, 37.634, 37.699]"
4045,76.8.213.231,"[[97, 75, 190], [97, 75, 188], [66, 219, 235]]",-1.0,-1.0,"[36.616, 37.157, 37.582, 37.567, 37.615]"
4046,76.8.213.231,"[[97, 75, 190], [97, 75, 188], [66, 219, 235]]",-1.0,-1.0,"[36.446, 36.896, 37.645, 37.577, 37.648]"
4047,76.8.213.231,"[[97, 75, 190], [97, 75, 188], [66, 219, 235]]",-1.0,-1.0,"[36.643, 37.057, 37.754, 37.535, 37.687]"
4048,76.8.213.231,"[[97, 75, 190], [97, 75, 188], [66, 219, 235]]",-1.0,-1.0,"[36.545, 37.3, 37.866, 37.626, 37.843]"
4049,76.8.213.231,"[[97, 75, 190], [97, 75, 188], [66, 219, 235]]",-1.0,-1.0,"[36.698, 37.008, 37.608, 37.583, 37.806]"
4050,76.8.213.231,"[[97, 75, 190], [97, 75, 188], [66, 219, 235]]",-1.0,-1.0,"[37.556, 36.988, 37.739, 38.195, 37.733]"
4051,76.8.213.231,"[[97, 75, 190], [97, 75, 188], [66, 219, 235]]",-1.0,-1.0,"[36.554, 37.032, 37.752, 37.574, 37.626]"
4052,76.8.213.231,"[[97, 75, 190], [97, 75, 188], [66, 219, 235]]",-1.0,-1.0,"[36.898, 37.224, 37.639, 37.6, 37.789]"
4053,76.8.213.231,"[[97, 75, 190], [97, 75, 188], [66, 219, 235]]",-1.0,-1.0,"[36.373, 37.087, 38.205, 37.545, 37.574]"
4054,76.8.213.231,"[[97, 75, 190], [97, 75, 188], [66, 219, 235]]",-1.0,-1.0,"[36.945, 54.782, 37.556, 37.807, 37.659]"
4055,76.8.213.231,"[[97, 75, 190], [97, 75, 188], [66, 219, 235]]",-1.0,-1.0,"[36.825, 36.997, 37.817, 38.182, 37.809]"
4056,76.8.213.231,"[[97, 75, 190], [97, 75, 188], [66, 219, 235]]",-1.0,-1.0,"[36.747, 37.037, 37.659, 37.885, 37.624]"
4057,76.8.213.231,"[[97, 75, 190], [97, 75, 188], [66, 219, 235]]",-1.0,-1.0,"[36.72, 37.199, 37.51, 37.548, 37.583]"
4058,76.8.213.231,"[[97, 75, 190], [97, 75, 188], [66, 219, 235]]",-1.0,-1.0,"[36.892, 37.088, 38.668, 37.583, 37.667]"
4059,76.8.213.231,"[[97, 75, 190], [97, 75, 188], [66, 219, 235]]",-1.0,-1.0,"[37.614, 37.261, 62.483, 37.571, 37.568]"
4060,76.8.213.231,"[[97, 75, 190], [97, 75, 188], [66, 219, 235]]",-1.0,-1.0,"[36.598, 36.923, 37.536, 37.554, 37.562]"
4061,76.8.213.231,"[[97, 75, 190], [97, 75, 188], [66, 219, 235]]",-1.0,-1.0,"[36.565, 36.897, 37.755, 37.566, 37.707]"
4062,76.8.213.231,"[[97, 75, 190], [97, 75, 188], [66, 219, 235]]",-1.0,-1.0,"[36.616, 36.942, 40.807, 38.66, 37.634]"
4063,76.8.213.231,"[[97, 75, 190], [97, 75, 188], [66, 219, 235]]",-1.0,-1.0,"[36.571, 36.926, 37.776, 37.773, 37.77]"
4064,76.8.213.231,"[[97, 75, 190], [97, 75, 188], [66, 219, 235]]",-1.0,-1.0,"[36.466, 37.083, 37.639, 37.582, 37.824]"
4065,76.8.213.231,"[[97, 75, 190], [97, 75, 188], [66, 219, 235]]",-1.0,-1.0,"[36.381, 36.989, 37.776, 37.548, 37.674]"
4066,76.8.213.231,"[[97, 75, 190], [97, 75, 188], [66, 219, 235]]",-1.0,-1.0,"[36.726, 36.99, 37.759, 37.538, 37.652]"
4067,76.8.213.231,"[[97, 75, 190], [97, 75, 188], [66, 219, 235]]",-1.0,-1.0,"[36.692, 37.051, 37.721, 37.576, 37.696]"
4068,76.8.213.231,"[[97, 75, 190], [97, 75, 188], [66, 219, 235]]",-1.0,-1.0,"[37.398, 36.967, 37.674, 37.658, 37.636]"
4069,76.8.213.231,"[[97, 75, 190], [97, 75, 188], [66, 219, 235]]",-1.0,-1.0,"[36.858, 37.017, 37.769, 45.19, 37.644]"
4070,76.8.213.231,"[[97, 75, 190], [97, 75, 188], [66, 219, 235]]",-1.0,-1.0,"[37.121, 37.155, 37.666, 37.589, 37.678]"
4071,76.8.213.231,"[[97, 75, 190], [97, 75, 188], [66, 219, 235]]",-1.0,-1.0,"[36.977, 38.031, 45.352, 37.848, 37.68]"
4072,76.8.213.231,"[[97, 75, 190], [97, 75, 188], [66, 219, 235]]",-1.0,-1.0,"[37.001, 37.119, 37.788, 37.639, 37.661]"
4073,76.8.213.231,"[[97, 75, 190], [97, 75, 188], [66, 219, 235]]",-1.0,-1.0,"[36.837, 37.176, 37.588, 37.539, 37.62]"
4074,76.8.213.231,"[[97, 75, 190], [97, 75, 188], [66, 219, 235]]",-1.0,-1.0,"[36.807, 37.161, 37.633, 37.593, 37.626]"
4075,76.8.213.231,"[[97, 75, 190], [97, 75, 188], [66, 219, 235]]",-1.0,-1.0,"[36.678, 36.913, 37.822, 37.577, 37.712]"
4076,76.8.213.231,"[[97, 75, 190], [97, 75, 188], [66, 219, 235]]",-1.0,-1.0,"[48.786, 37.363, 41.476, 37.555, 37.668]"
4077,76.8.213.231,"[[97, 75, 190], [97, 75, 188], [66, 219, 235]]",-1.0,-1.0,"[36.626, 37.021, 37.696, 37.556, 37.686]"
4078,76.8.213.231,"[[97, 75, 190], [97, 75, 188], [66, 219, 235]]",-1.0,-1.0,"[36.44, 37.079, 37.619, 38.685, 37.601]"
4079,76.8.213.231,"[[97, 75, 190], [97, 75, 188], [66, 219, 235]]",-1.0,-1.0,"[36.599, 36.911, 37.583, 37.574, 37.567]"
4080,76.8.213.231,"[[97, 75, 190], [97, 75, 188], [66, 219, 235]]",-1.0,-1.0,"[37.05, 37.11, 37.552, 37.528, 37.668]"
4081,76.8.213.231,"[[97, 75, 190], [97, 75, 188], [66, 219, 235]]",-1.0,-1.0,"[36.459, 36.897, 37.527, 38.27, 37.846]"
4082,76.8.213.231,"[[97, 75, 190], [97, 75, 188], [66, 219, 235]]",-1.0,-1.0,"[37.122, 37.119, 37.743, 37.536, 41.209]"
4083,76.8.213.231,"[[97, 75, 190], [97, 75, 188], [66, 219, 235]]",-1.0,-1.0,"[36.716, 37.137, 38.705, 38.537, 37.569]"
4084,76.8.213.231,"[[97, 75, 190], [97, 75, 188], [66, 219, 235]]",-1.0,-1.0,"[37.022, 37.112, 37.604, 37.653, 37.608]"
4085,76.8.213.231,"[[97, 75, 190], [97, 75, 188], [66, 219, 235]]",-1.0,-1.0,"[37.302, 37.253, 37.625, 37.622, 37.682]"
4086,76.8.213.231,"[[97, 75, 190], [97, 75, 188], [66, 219, 235]]",-1.0,-1.0,"[36.404, 37.134, 37.63, 37.526, 37.604]"
4087,76.8.213.231,"[[97, 75, 190], [97, 75, 188], [66, 219, 235]]",-1.0,-1.0,"[41.122, 38.164, 37.668, 37.962, 37.856]"
4088,76.8.213.231,"[[97, 75, 190], [97, 75, 188], [66, 219, 235]]",-1.0,-1.0,"[36.809, 37.273, 37.59, 37.578, 37.621]"
4089,76.8.213.231,"[[97, 75, 190], [97, 75, 188], [66, 219, 235]]",-1.0,-1.0,"[36.692, 38.24, 37.58, 37.892, 37.813]"
4090,76.8.213.231,"[[97, 75, 190], [97, 75, 188], [66, 219, 235]]",-1.0,-1.0,"[36.524, 36.948, 37.619, 37.542, 37.599]"
4091,76.8.213.231,"[[97, 75, 190], [97, 75, 188], [66, 219, 235]]",-1.0,-1.0,"[36.478, 37.222, 37.601, 37.583, 37.625]"
4092,76.8.213.231,"[[97, 75, 190], [97, 75, 188], [66, 219, 235]]",-1.0,-1.0,"[36.598, 36.896, 39.267, 37.546, 37.679]"
4093,76.8.213.231,"[[97, 75, 190], [97, 75, 188], [66, 219, 235]]",-1.0,-1.0,"[36.941, 37.094, 37.859, 37.605, 37.761]"
4094,76.8.213.231,"[[97, 75, 190], [97, 75, 188], [66, 219, 235]]",-1.0,-1.0,"[36.534, 37.04, 37.557, 37.553, 37.621]"
4095,76.8.213.231,"[[97, 75, 190], [97, 75, 188], [66, 219, 235]]",-1.0,-1.0,"[36.603, 37.156, 37.67, 37.652, 37.71]"
4096,76.8.213.231,"[[97, 75, 190], [97, 75, 188], [66, 219, 235]]",-1.0,-1.0,"[36.842, 37.01, 37.662, 37.608, 37.607]"
4097,76.8.213.231,"[[97, 75, 190], [97, 75, 188], [66, 219, 235]]",-1.0,-1.0,"[36.531, 36.973, 37.598, 37.559, 37.803]"
4098,76.8.213.231,"[[97, 75, 190], [97, 75, 188], [66, 219, 235]]",-1.0,-1.0,"[36.661, 37.201, 37.773, 39.642, 37.614]"
4099,76.8.213.231,"[[97, 75, 190], [97, 75, 188], [66, 219, 235]]",-1.0,-1.0,"[36.43, 37.104, 37.74, 37.559, 37.639]"
4100,76.8.213.231,"[[97, 75, 190], [97, 75, 188], [66, 219, 235]]",-1.0,-1.0,"[36.872, 36.951, 37.594, 37.572, 37.567]"
4101,76.8.213.231,"[[97, 75, 190], [97, 75, 188], [66, 219, 235]]",-1.0,-1.0,"[36.684, 37.204, 37.651, 38.482, 37.774]"
4102,76.8.213.231,"[[97, 75, 190], [97, 75, 188], [66, 219, 235]]",-1.0,-1.0,"[36.631, 37.044, 37.611, 37.607, 37.694]"
4103,76.8.213.231,"[[97, 75, 190], [97, 75, 188], [66, 219, 235]]",-1.0,-1.0,"[36.509, 37.023, 37.652, 37.65, 37.648]"
4104,76.8.213.231,"[[97, 75, 190], [97, 75, 188], [66, 219, 235]]",-1.0,-1.0,"[37.02, 37.601, 38.391, 37.857, 37.909]"
4105,76.8.213.231,"[[97, 75, 190], [97, 75, 188], [66, 219, 235]]",-1.0,-1.0,"[38.328, 73.734, 37.959, 37.801, 37.71]"
4106,76.8.213.231,"[[97, 75, 190], [97, 75, 188], [66, 219, 235]]",-1.0,-1.0,"[38.482, 38.481, 38.478, 44.475, 38.469]"
4107,76.8.213.231,"[[97, 75, 190], [97, 75, 188], [66, 219, 235]]",-1.0,-1.0,"[37.037, 37.072, 37.83, 37.587, 37.645]"
4108,76.8.213.231,"[[97, 75, 190], [97, 75, 188], [66, 219, 235]]",-1.0,-1.0,"[36.463, 42.909, 37.754, 37.91, 37.662]"
4109,76.8.213.231,"[[97, 75, 190], [97, 75, 188], [66, 219, 235]]",-1.0,-1.0,"[36.403, 36.951, 37.662, 37.69, 37.656]"
4110,76.8.213.231,"[[97, 75, 190], [97, 75, 188], [66, 219, 235]]",-1.0,-1.0,"[36.784, 66.037, 37.746, 38.678, 37.734]"
4111,76.8.213.231,"[[97, 75, 190], [97, 75, 188], [66, 219, 235]]",-1.0,-1.0,"[41.794, 37.112, 37.703, 37.602, 37.691]"
4112,76.8.213.231,"[[97, 75, 190], [97, 75, 188], [66, 219, 235]]",-1.0,-1.0,"[36.585, 37.07, 37.82, 38.474, 37.71]"
4113,76.8.213.231,"[[97, 75, 190], [97, 75, 188], [66, 219, 235]]",-1.0,-1.0,"[36.688, 36.935, 37.692, 37.688, 37.752]"
4114,76.8.213.231,"[[97, 75, 190], [97, 75, 188], [66, 219, 235]]",-1.0,-1.0,"[36.804, 36.931, 37.743, 37.907, 37.736]"
4115,76.8.213.231,"[[97, 75, 190], [97, 75, 188], [66, 219, 235]]",-1.0,-1.0,"[36.673, 37.055, 37.666, 37.662, 37.683]"
4116,76.8.213.231,"[[97, 75, 190], [97, 75, 188], [66, 219, 235]]",-1.0,-1.0,"[36.402, 37.036, 37.691, 37.608, 37.685]"
4117,76.8.213.231,"[[97, 75, 190], [97, 75, 188], [66, 219, 235]]",-1.0,-1.0,"[36.817, 37.096, 37.667, 37.635, 37.632]"
4118,76.8.213.231,"[[97, 75, 190], [97, 75, 188], [66, 219, 235]]",-1.0,-1.0,"[36.718, 36.984, 37.613, 38.421, 37.632]"
4119,76.8.213.231,"[[97, 75, 190], [97, 75, 188], [66, 219, 235]]",-1.0,-1.0,"[36.644, 37.362, 37.667, 37.554, 37.657]"
4120,76.8.213.231,"[[97, 75, 190], [97, 75, 188], [66, 219, 235]]",-1.0,-1.0,"[36.421, 37.071, 37.575, 37.571, 37.571]"
4121,76.8.213.231,"[[97, 75, 190], [97, 75, 188], [66, 219, 235]]",-1.0,-1.0,"[36.451, 37.024, 37.746, 37.675, 37.637]"
4122,76.8.213.231,"[[97, 75, 190], [97, 75, 188], [66, 219, 235]]",-1.0,-1.0,"[36.623, 39.289, 37.687, 37.92, 37.632]"
4123,76.8.213.231,"[[97, 75, 190], [97, 75, 188], [66, 219, 235]]",-1.0,-1.0,"[36.564, 38.548, 37.656, 37.84, 37.65]"
4124,76.8.213.231,"[[97, 75, 190], [97, 75, 188], [66, 219, 235]]",-1.0,-1.0,"[36.653, 36.948, 53.205, 37.616, 37.696]"
4125,76.8.213.231,"[[97, 75, 190], [97, 75, 188], [66, 219, 235]]",-1.0,-1.0,"[36.363, 37.231, 38.121, 37.669, 37.631]"
4126,76.8.213.231,"[[97, 75, 190], [97, 75, 188], [66, 219, 235]]",-1.0,-1.0,"[36.657, 36.982, 37.693, 37.657, 37.811]"
4127,76.8.213.231,"[[97, 75, 190], [97, 75, 188], [66, 219, 235]]",-1.0,-1.0,"[36.446, 36.918, 37.775, 37.621, 37.628]"
4128,76.8.213.231,"[[97, 75, 190], [97, 75, 188], [66, 219, 235]]",-1.0,-1.0,"[36.771, 37.238, 37.816, 37.661, 37.686]"
4129,76.8.213.231,"[[97, 75, 190], [97, 75, 188], [66, 219, 235]]",-1.0,-1.0,"[36.544, 37.173, 37.597, 37.803, 37.589]"
4130,76.8.213.231,"[[97, 75, 190], [97, 75, 188], [66, 219, 235]]",-1.0,-1.0,"[37.702, 37.781, 37.908, 37.889, 37.865]"
4131,76.8.213.231,"[[97, 75, 190], [97, 75, 188], [66, 219, 235]]",-1.0,-1.0,"[36.557, 38.838, 37.688, 38.044, 37.901]"
4132,76.8.213.231,"[[97, 75, 190], [97, 75, 188], [66, 219, 235]]",-1.0,-1.0,"[36.941, 37.32, 37.831, 37.576, 37.602]"
4133,76.8.213.231,"[[97, 75, 190], [97, 75, 188], [66, 219, 235]]",-1.0,-1.0,"[36.553, 37.085, 37.745, 37.556, 37.606]"
4134,76.8.213.231,"[[97, 75, 190], [97, 75, 188], [66, 219, 235]]",-1.0,-1.0,"[36.887, 37.15, 37.65, 37.648, 37.645]"
4135,76.8.213.231,"[[97, 75, 190], [97, 75, 188], [66, 219, 235]]",-1.0,-1.0,"[36.61, 37.054, 37.665, 37.554, 37.672]"
4136,76.8.213.231,"[[97, 75, 190], [97, 75, 188], [66, 219, 235]]",-1.0,-1.0,"[36.815, 37.487, 37.871, 38.335, 37.836]"
4137,76.8.213.231,"[[97, 75, 190], [97, 75, 188], [66, 219, 235]]",-1.0,-1.0,"[36.771, 37.0, 37.585, 37.516, 37.617]"
4138,76.8.213.231,"[[97, 75, 190], [97, 75, 188], [66, 219, 235]]",-1.0,-1.0,"[36.818, 37.13, 37.667, 37.573, 37.659]"
4139,76.8.213.231,"[[97, 75, 190], [97, 75, 188], [66, 219, 235]]",-1.0,-1.0,"[36.786, 37.098, 37.639, 37.561, 37.614]"
4140,76.8.213.231,"[[97, 75, 190], [97, 75, 188], [66, 219, 235]]",-1.0,-1.0,"[36.696, 37.155, 37.565, 37.532, 37.693]"
4141,76.8.213.231,"[[97, 75, 190], [97, 75, 188], [66, 219, 235]]",-1.0,-1.0,"[37.059, 44.558, 37.672, 37.958, 37.616]"
4142,76.8.213.231,"[[97, 75, 190], [97, 75, 188], [66, 219, 235]]",-1.0,-1.0,"[37.623, 37.297, 38.147, 37.591, 37.648]"
4143,76.8.213.231,"[[97, 75, 190], [97, 75, 188], [66, 219, 235]]",-1.0,-1.0,"[36.449, 37.124, 37.611, 37.557, 37.617]"
4144,76.8.213.231,"[[97, 75, 190], [97, 75, 188], [66, 219, 235]]",-1.0,-1.0,"[36.655, 36.911, 37.597, 37.611, 37.692]"
4145,76.8.213.231,"[[97, 75, 190], [97, 75, 188], [66, 219, 235]]",-1.0,-1.0,"[37.085, 37.053, 37.728, 37.607, 37.595]"
4146,76.8.213.231,"[[97, 75, 190], [97, 75, 188], [66, 219, 235]]",-1.0,-1.0,"[36.84, 37.784, 38.012, 37.792, 37.653]"
4147,76.8.213.231,"[[97, 75, 190], [97, 75, 188], [66, 219, 235]]",-1.0,-1.0,"[37.045, 37.064, 37.636, 37.8, 37.781]"
4148,76.8.213.231,"[[97, 75, 190], [97, 75, 188], [66, 219, 235]]",-1.0,-1.0,"[36.623, 37.166, 37.608, 38.169, 37.625]"
4149,76.8.213.231,"[[97, 75, 190], [97, 75, 188], [66, 219, 235]]",-1.0,-1.0,"[36.717, 36.912, 37.722, 37.676, 38.659]"
4150,76.8.213.231,"[[97, 75, 188], [66, 219, 235], [66, 219, 235]]",-1.0,-1.0,"[37.171, 39.381, 37.57, 37.316, 2053.109]"
4151,76.8.213.231,"[[97, 75, 188], [66, 219, 235], [66, 219, 235]]",-1.0,-1.0,"[37.026, 37.767, 37.578, 37.386, 3004.851]"
4152,76.8.213.231,"[[97, 75, 188], [66, 219, 235], [66, 219, 235]]",-1.0,-1.0,"[37.005, 37.625, 37.615, 37.32, 3034.725]"
4153,76.8.213.231,"[[97, 75, 188], [66, 219, 235], [66, 219, 235]]",-1.0,-1.0,"[36.952, 37.585, 39.278, 37.386, 3034.171]"
4154,76.8.213.231,"[[97, 75, 190], [97, 75, 188], [66, 219, 235]]",-1.0,-1.0,"[36.497, 37.006, 37.58, 38.426, 37.573]"
4155,76.8.213.231,"[[97, 75, 190], [97, 75, 188], [66, 219, 235]]",-1.0,-1.0,"[36.734, 36.91, 37.789, 38.881, 37.567]"
4156,76.8.213.231,"[[97, 75, 190], [97, 75, 188], [66, 219, 235]]",-1.0,-1.0,"[36.764, 37.063, 37.722, 37.673, 37.612]"
4157,76.8.213.231,"[[97, 75, 190], [97, 75, 188], [66, 219, 235]]",-1.0,-1.0,"[36.595, 37.335, 37.71, 37.65, 37.83]"
4158,76.8.213.231,"[[97, 75, 190], [97, 75, 188], [66, 219, 235]]",-1.0,-1.0,"[36.69, 55.238, 37.74, 54.811, 37.883]"
4159,76.8.213.231,"[[97, 75, 190], [97, 75, 188], [66, 219, 235]]",-1.0,-1.0,"[37.323, 37.639, 38.311, 38.035, 38.128]"
4160,76.8.213.231,"[[97, 75, 190], [97, 75, 188], [66, 219, 235]]",-1.0,-1.0,"[37.019, 37.285, 37.882, 37.602, 37.628]"
4161,76.8.213.231,"[[97, 75, 190], [97, 75, 188], [66, 219, 235]]",-1.0,-1.0,"[37.072, 37.489, 37.833, 38.713, 37.651]"
4162,76.8.213.231,"[[97, 75, 190], [97, 75, 188], [66, 219, 235]]",-1.0,-1.0,"[36.874, 37.066, 37.8, 38.916, 37.794]"
4163,76.8.213.231,"[[97, 75, 190], [97, 75, 188], [66, 219, 235]]",-1.0,-1.0,"[36.838, 75.482, 37.573, 38.114, 37.685]"
4164,76.8.213.231,"[[97, 75, 190], [97, 75, 188], [66, 219, 235]]",-1.0,-1.0,"[36.519, 37.053, 37.756, 37.564, 37.669]"
4165,76.8.213.231,"[[97, 75, 190], [97, 75, 188], [66, 219, 235]]",-1.0,-1.0,"[36.493, 36.972, 37.571, 37.762, 37.71]"
4166,76.8.213.231,"[[97, 75, 190], [97, 75, 188], [66, 219, 235]]",-1.0,-1.0,"[36.544, 37.033, 37.535, 37.531, 37.605]"
4167,76.8.213.231,"[[97, 75, 190], [97, 75, 188], [66, 219, 235]]",-1.0,-1.0,"[36.642, 36.976, 38.748, 37.537, 37.611]"
4168,76.8.213.231,"[[97, 75, 190], [97, 75, 188], [66, 219, 235]]",-1.0,-1.0,"[36.85, 37.361, 37.861, 38.209, 37.714]"
4169,76.8.213.231,"[[97, 75, 190], [97, 75, 188], [66, 219, 235]]",-1.0,-1.0,"[36.858, 37.092, 59.961, 37.553, 37.66]"
4170,76.8.213.231,"[[97, 75, 190], [97, 75, 188], [66, 219, 235]]",-1.0,-1.0,"[36.656, 37.16, 37.642, 37.53, 37.632]"
4171,76.8.213.231,"[[97, 75, 190], [97, 75, 188], [66, 219, 235]]",-1.0,-1.0,"[43.594, 37.027, 37.617, 37.558, 37.59]"
4172,76.8.213.231,"[[97, 75, 190], [97, 75, 188], [66, 219, 235]]",-1.0,-1.0,"[36.367, 36.984, 37.741, 37.543, 37.753]"
4173,76.8.213.231,"[[97, 75, 190], [97, 75, 188], [66, 219, 235]]",-1.0,-1.0,"[36.803, 36.997, 37.735, 37.506, 37.598]"
4174,76.8.213.231,"[[97, 75, 190], [97, 75, 188], [66, 219, 235]]",-1.0,-1.0,"[41.395, 37.041, 37.548, 37.545, 37.597]"
4175,76.8.213.231,"[[97, 75, 190], [97, 75, 188], [66, 219, 235]]",-1.0,-1.0,"[36.901, 37.035, 38.693, 37.617, 37.606]"
4176,76.8.213.231,"[[97, 75, 190], [97, 75, 188], [66, 219, 235]]",-1.0,-1.0,"[36.598, 36.89, 37.647, 37.644, 37.626]"
4177,76.8.213.231,"[[97, 75, 190], [97, 75, 188], [66, 219, 235]]",-1.0,-1.0,"[36.86, 37.244, 37.709, 38.979, 37.576]"
4178,76.8.213.231,"[[97, 75, 190], [97, 75, 188], [66, 219, 235]]",-1.0,-1.0,"[36.438, 37.09, 37.566, 37.563, 37.697]"
4179,76.8.213.231,"[[97, 75, 190], [97, 75, 188], [66, 219, 235]]",-1.0,-1.0,"[36.404, 38.476, 37.804, 37.83, 37.793]"
4180,76.8.213.231,"[[97, 75, 190], [97, 75, 188], [66, 219, 235]]",-1.0,-1.0,"[40.735, 40.731, 40.728, 40.724, 40.717]"
4181,76.8.213.231,"[[97, 75, 190], [97, 75, 188], [66, 219, 235]]",-1.0,-1.0,"[36.771, 36.971, 67.985, 37.633, 37.618]"
4182,76.8.213.231,"[[97, 75, 190], [97, 75, 188], [66, 219, 235]]",-1.0,-1.0,"[36.702, 37.117, 37.798, 39.636, 37.55]"
4183,76.8.213.231,"[[97, 75, 190], [97, 75, 188], [66, 219, 235]]",-1.0,-1.0,"[41.687, 37.033, 37.805, 37.585, 37.8]"
4184,76.8.213.231,"[[97, 75, 190], [97, 75, 188], [66, 219, 235]]",-1.0,-1.0,"[36.798, 36.952, 37.794, 37.94, 37.609]"
4185,76.8.213.231,"[[97, 75, 190], [97, 75, 188], [66, 219, 235]]",-1.0,-1.0,"[36.815, 36.997, 37.657, 37.574, 37.676]"
4186,76.8.213.231,"[[97, 75, 190], [97, 75, 188], [66, 219, 235]]",-1.0,-1.0,"[36.574, 37.145, 37.612, 37.609, 37.645]"
4187,76.8.213.231,"[[97, 75, 190], [97, 75, 188], [66, 219, 235]]",-1.0,-1.0,"[36.853, 36.989, 37.648, 37.592, 37.623]"
4188,76.8.213.231,"[[97, 75, 190], [97, 75, 188], [66, 219, 235]]",-1.0,-1.0,"[36.744, 36.977, 37.67, 37.575, 37.665]"
4189,76.8.213.231,"[[97, 75, 190], [97, 75, 188], [66, 219, 235]]",-1.0,-1.0,"[42.33, 37.297, 37.83, 37.827, 37.823]"
4190,76.8.213.231,"[[97, 75, 190], [97, 75, 188], [66, 219, 235]]",-1.0,-1.0,"[36.448, 43.832, 45.754, 37.957, 37.696]"
4191,76.8.213.231,"[[97, 75, 190], [97, 75, 188], [66, 219, 235]]",-1.0,-1.0,"[36.409, 36.938, 37.621, 38.32, 37.612]"
4192,76.8.213.231,"[[97, 75, 190], [97, 75, 188], [66, 219, 235]]",-1.0,-1.0,"[36.672, 37.212, 37.87, 37.656, 37.687]"
4193,76.8.213.231,"[[97, 75, 190], [97, 75, 188], [66, 219, 235]]",-1.0,-1.0,"[54.91, 37.09, 37.652, 37.644, 37.771]"
4194,76.8.213.231,"[[97, 75, 190], [97, 75, 188], [66, 219, 235]]",-1.0,-1.0,"[39.321, 37.073, 37.784, 38.643, 37.683]"
4195,76.8.213.231,"[[97, 75, 190], [97, 75, 188], [66, 219, 235]]",-1.0,-1.0,"[36.581, 36.982, 37.698, 37.57, 37.646]"
4196,76.8.213.231,"[[97, 75, 190], [97, 75, 188], [66, 219, 235]]",-1.0,-1.0,"[36.847, 36.914, 37.619, 37.597, 37.587]"
4197,76.8.213.231,"[[97, 75, 190], [97, 75, 188], [66, 219, 235]]",-1.0,-1.0,"[36.868, 38.187, 37.609, 37.892, 37.601]"
4198,76.8.213.231,"[[97, 75, 190], [97, 75, 188], [66, 219, 235]]",-1.0,-1.0,"[36.7, 37.224, 37.75, 37.747, 37.744]"
4199,76.8.213.231,"[[97, 75, 190], [97, 75, 188], [66, 219, 235]]",-1.0,-1.0,"[37.144, 37.081, 40.726, 38.138, 37.645]"
4200,76.8.213.231,"[[97, 75, 190], [97, 75, 188], [66, 219, 235]]",-1.0,-1.0,"[36.475, 37.202, 47.734, 37.6, 37.736]"
4201,76.8.213.231,"[[97, 75, 190], [97, 75, 188], [66, 219, 235]]",-1.0,-1.0,"[36.473, 37.327, 37.995, 37.569, 37.596]"
4202,76.8.213.231,"[[97, 75, 190], [97, 75, 188], [66, 219, 235]]",-1.0,-1.0,"[36.867, 37.855, 37.61, 37.863, 37.588]"
4203,76.8.213.231,"[[97, 75, 190], [97, 75, 188], [66, 219, 235]]",-1.0,-1.0,"[36.571, 37.033, 37.78, 37.565, 37.585]"
4204,76.8.213.231,"[[97, 75, 190], [97, 75, 188], [66, 219, 235]]",-1.0,-1.0,"[36.488, 37.022, 37.56, 37.557, 37.647]"
4205,76.8.213.231,"[[97, 75, 190], [97, 75, 188], [66, 219, 235]]",-1.0,-1.0,"[36.646, 37.248, 37.614, 37.548, 37.624]"
4206,76.8.213.231,"[[97, 75, 190], [97, 75, 188], [66, 219, 235]]",-1.0,-1.0,"[36.838, 37.028, 37.779, 37.566, 37.682]"
4207,76.8.213.231,"[[97, 75, 190], [97, 75, 188], [66, 219, 235]]",-1.0,-1.0,"[36.445, 37.25, 37.698, 37.9, 37.692]"
4208,76.8.213.231,"[[97, 75, 190], [97, 75, 188], [66, 219, 235]]",-1.0,-1.0,"[39.678, 37.003, 37.577, 37.573, 37.655]"
4209,76.8.213.231,"[[97, 75, 190], [97, 75, 188], [66, 219, 235]]",-1.0,-1.0,"[36.731, 37.005, 37.58, 37.664, 37.588]"
4210,76.8.213.231,"[[97, 75, 190], [97, 75, 188], [66, 219, 235]]",-1.0,-1.0,"[38.482, 38.479, 38.477, 38.473, 38.47]"
4211,76.8.213.231,"[[97, 75, 190], [97, 75, 188], [66, 219, 235]]",-1.0,-1.0,"[36.772, 37.015, 37.595, 37.536, 37.684]"
4212,76.8.213.231,"[[97, 75, 190], [97, 75, 188], [66, 219, 235]]",-1.0,-1.0,"[36.996, 37.025, 37.615, 37.576, 37.573]"
4213,76.8.213.231,"[[97, 75, 190], [97, 75, 188], [66, 219, 235]]",-1.0,-1.0,"[36.676, 37.204, 37.553, 37.563, 37.66]"
4214,76.8.213.231,"[[97, 75, 190], [97, 75, 188], [66, 219, 235]]",-1.0,-1.0,"[36.944, 37.181, 37.767, 37.762, 37.758]"
4215,76.8.213.231,"[[97, 75, 190], [97, 75, 188], [66, 219, 235]]",-1.0,-1.0,"[36.76, 37.01, 37.708, 72.507, 37.844]"
4216,76.8.213.231,"[[97, 75, 190], [97, 75, 188], [66, 219, 235]]",-1.0,-1.0,"[36.439, 36.994, 37.573, 37.655, 37.705]"
4217,76.8.213.231,"[[97, 75, 190], [97, 75, 188], [66, 219, 235]]",-1.0,-1.0,"[36.744, 37.315, 43.963, 37.648, 37.683]"
4218,76.8.213.231,"[[97, 75, 190], [97, 75, 188], [66, 219, 235]]",-1.0,-1.0,"[36.75, 36.896, 37.615, 37.654, 37.586]"
4219,76.8.213.231,"[[97, 75, 190], [97, 75, 188], [66, 219, 235]]",-1.0,-1.0,"[36.388, 37.138, 37.636, 38.246, 37.625]"
4220,76.8.213.231,"[[97, 75, 190], [97, 75, 188], [66, 219, 235]]",-1.0,-1.0,"[36.836, 37.09, 37.807, 38.177, 37.773]"
4221,76.8.213.231,"[[97, 75, 190], [97, 75, 188], [66, 219, 235]]",-1.0,-1.0,"[36.608, 37.993, 37.987, 37.982, 37.978]"
4222,76.8.213.231,"[[97, 75, 190], [97, 75, 188], [66, 219, 235]]",-1.0,-1.0,"[36.431, 37.173, 38.13, 37.681, 37.594]"
4223,76.8.213.231,"[[97, 75, 190], [97, 75, 188], [66, 219, 235]]",-1.0,-1.0,"[36.705, 37.256, 38.183, 37.597, 37.649]"
4224,76.8.213.231,"[[97, 75, 190], [97, 75, 188], [66, 219, 235]]",-1.0,-1.0,"[36.624, 37.064, 37.576, 39.214, 37.519]"
4225,76.8.213.231,"[[97, 75, 190], [97, 75, 188], [66, 219, 235]]",-1.0,-1.0,"[36.503, 54.29, 37.649, 38.497, 37.662]"
4226,76.8.213.231,"[[97, 75, 190], [97, 75, 188], [66, 219, 235]]",-1.0,-1.0,"[36.643, 37.137, 37.537, 37.56, 37.517]"
4227,76.8.213.231,"[[97, 75, 190], [97, 75, 188], [66, 219, 235]]",-1.0,-1.0,"[36.678, 36.997, 38.344, 37.674, 37.619]"
4228,76.8.213.231,"[[97, 75, 190], [97, 75, 188], [66, 219, 235]]",-1.0,-1.0,"[36.559, 57.824, 37.754, 38.11, 37.643]"
4229,76.8.213.231,"[[97, 75, 190], [97, 75, 188], [66, 219, 235]]",-1.0,-1.0,"[36.593, 37.244, 37.688, 37.539, 37.665]"
4230,76.8.213.231,"[[97, 75, 190], [97, 75, 188], [66, 219, 235]]",-1.0,-1.0,"[56.386, 37.947, 37.791, 37.933, 37.834]"
4231,76.8.213.231,"[[97, 75, 190], [97, 75, 188], [66, 219, 235]]",-1.0,-1.0,"[36.582, 37.085, 37.593, 37.862, 37.637]"
4232,76.8.213.231,"[[97, 75, 190], [97, 75, 188], [66, 219, 235]]",-1.0,-1.0,"[36.834, 37.014, 37.849, 37.659, 37.681]"
4233,76.8.213.231,"[[97, 75, 190], [97, 75, 188], [66, 219, 235]]",-1.0,-1.0,"[37.168, 37.272, 37.962, 37.61, 37.956]"
4234,76.8.213.231,"[[97, 75, 190], [97, 75, 188], [66, 219, 235]]",-1.0,-1.0,"[36.445, 37.223, 37.785, 37.628, 37.779]"
4235,76.8.213.231,"[[97, 75, 190], [97, 75, 188], [66, 219, 235]]",-1.0,-1.0,"[36.971, 37.218, 37.834, 37.587, 37.617]"
4236,76.8.213.231,"[[97, 75, 190], [97, 75, 188], [66, 219, 235]]",-1.0,-1.0,"[37.033, 36.91, 37.604, 37.571, 37.668]"
4237,76.8.213.231,"[[97, 75, 190], [97, 75, 188], [66, 219, 235]]",-1.0,-1.0,"[36.606, 37.09, 37.65, 56.429, 37.725]"
4238,76.8.213.231,"[[97, 75, 190], [97, 75, 188], [66, 219, 235]]",-1.0,-1.0,"[38.059, 39.233, 37.953, 37.95, 37.721]"
4239,76.8.213.231,"[[97, 75, 190], [97, 75, 188], [66, 219, 235]]",-1.0,-1.0,"[47.858, 37.174, 37.71, 37.552, 37.53]"
4240,76.8.213.231,"[[97, 75, 190], [97, 75, 188], [66, 219, 235]]",-1.0,-1.0,"[36.452, 37.866, 37.682, 44.07, 37.676]"
4241,76.8.213.231,"[[97, 75, 190], [97, 75, 188], [66, 219, 235]]",-1.0,-1.0,"[36.461, 37.151, 37.61, 37.621, 37.644]"
4242,76.8.213.231,"[[97, 75, 190], [97, 75, 188], [66, 219, 235]]",-1.0,-1.0,"[43.656, 36.95, 37.794, 38.035, 37.694]"
4243,76.8.213.231,"[[97, 75, 190], [97, 75, 188], [66, 219, 235]]",-1.0,-1.0,"[36.396, 37.167, 37.645, 37.635, 37.693]"
4244,76.8.213.231,"[[97, 75, 190], [97, 75, 188], [66, 219, 235]]",-1.0,-1.0,"[36.635, 37.184, 37.645, 37.543, 37.616]"
4245,76.8.213.231,"[[97, 75, 190], [97, 75, 188], [66, 219, 235]]",-1.0,-1.0,"[36.544, 37.038, 37.738, 37.694, 37.692]"
4246,76.8.213.231,"[[97, 75, 190], [97, 75, 188], [66, 219, 235]]",-1.0,-1.0,"[36.422, 37.257, 38.058, 37.656, 37.616]"
4247,76.8.213.231,"[[97, 75, 190], [97, 75, 188], [66, 219, 235]]",-1.0,-1.0,"[36.544, 37.097, 37.712, 51.766, 37.586]"
4248,76.8.213.231,"[[97, 75, 190], [97, 75, 188], [66, 219, 235]]",-1.0,-1.0,"[36.621, 37.107, 37.597, 37.518, 37.728]"
4249,76.8.213.231,"[[97, 75, 190], [97, 75, 188], [66, 219, 235]]",-1.0,-1.0,"[36.725, 36.998, 37.698, 37.555, 37.573]"
4250,76.8.213.231,"[[97, 75, 190], [97, 75, 188], [66, 219, 235]]",-1.0,-1.0,"[36.483, 37.121, 37.612, 37.631, 37.628]"
4251,76.8.213.231,"[[97, 75, 190], [97, 75, 188], [66, 219, 235]]",-1.0,-1.0,"[37.455, 37.2, 37.733, 37.54, 37.641]"
4252,76.8.213.231,"[[97, 75, 190], [97, 75, 188], [66, 219, 235]]",-1.0,-1.0,"[36.854, 37.052, 37.591, 38.176, 37.57]"
4253,76.8.213.231,"[[97, 75, 190], [97, 75, 188], [66, 219, 235]]",-1.0,-1.0,"[36.908, 37.919, 48.929, 37.973, 37.8]"
4254,76.8.213.231,"[[97, 75, 190], [97, 75, 188], [66, 219, 235]]",-1.0,-1.0,"[36.626, 54.322, 37.826, 37.889, 37.69]"
4255,76.8.213.231,"[[97, 75, 190], [97, 75, 188], [66, 219, 235]]",-1.0,-1.0,"[36.653, 37.143, 37.622, 37.554, 37.669]"
4256,76.8.213.231,"[[97, 75, 190], [97, 75, 188], [66, 219, 235]]",-1.0,-1.0,"[36.72, 36.906, 37.538, 44.445, 37.62]"
4257,76.8.213.231,"[[97, 75, 190], [97, 75, 188], [66, 219, 235]]",-1.0,-1.0,"[36.539, 37.152, 37.701, 37.665, 37.662]"
4258,76.8.213.231,"[[97, 75, 190], [97, 75, 188], [66, 219, 235]]",-1.0,-1.0,"[36.479, 37.666, 37.617, 37.747, 37.612]"
4259,76.8.213.231,"[[97, 75, 190], [97, 75, 188], [66, 219, 235]]",-1.0,-1.0,"[36.661, 37.006, 37.655, 38.888, 37.65]"
4260,76.8.213.231,"[[97, 75, 190], [97, 75, 188], [66, 219, 235]]",-1.0,-1.0,"[37.134, 37.194, 37.886, 37.628, 37.708]"
4261,76.8.213.231,"[[97, 75, 190], [97, 75, 188], [66, 219, 235]]",-1.0,-1.0,"[36.655, 37.385, 37.703, 37.7, 37.696]"
4262,76.8.213.231,"[[97, 75, 190], [97, 75, 188], [66, 219, 235]]",-1.0,-1.0,"[36.575, 37.192, 37.731, 37.726, 37.802]"
4263,76.8.213.231,"[[97, 75, 190], [97, 75, 188], [66, 219, 235]]",-1.0,-1.0,"[36.862, 37.063, 44.483, 37.704, 37.694]"
4264,76.8.213.231,"[[97, 75, 190], [97, 75, 188], [66, 219, 235]]",-1.0,-1.0,"[36.799, 36.95, 37.78, 37.584, 37.602]"
4265,76.8.213.231,"[[97, 75, 190], [97, 75, 188], [66, 219, 235]]",-1.0,-1.0,"[36.51, 37.316, 37.795, 37.524, 37.574]"
4266,76.8.213.231,"[[97, 75, 190], [97, 75, 188], [66, 219, 235]]",-1.0,-1.0,"[36.499, 37.184, 37.654, 37.647, 37.568]"
4267,76.8.213.231,"[[97, 75, 190], [97, 75, 188], [66, 219, 235]]",-1.0,-1.0,"[36.48, 37.035, 37.734, 38.61, 37.579]"
4268,76.8.213.231,"[[97, 75, 190], [97, 75, 188], [66, 219, 235]]",-1.0,-1.0,"[37.796, 37.28, 37.588, 37.555, 37.671]"
4269,76.8.213.231,"[[97, 75, 190], [97, 75, 188], [66, 219, 235]]",-1.0,-1.0,"[36.584, 37.11, 37.644, 37.66, 37.636]"
4270,76.8.213.231,"[[97, 75, 190], [97, 75, 188], [66, 219, 235]]",-1.0,-1.0,"[36.402, 37.143, 37.602, 37.58, 37.617]"
4271,76.8.213.231,"[[97, 75, 190], [97, 75, 188], [66, 219, 235]]",-1.0,-1.0,"[36.823, 37.172, 37.562, 37.954, 37.577]"
4272,76.8.213.231,"[[97, 75, 190], [97, 75, 188], [66, 219, 235]]",-1.0,-1.0,"[36.618, 37.098, 37.698, 37.522, 37.782]"
4273,76.8.213.231,"[[97, 75, 190], [97, 75, 188], [66, 219, 235]]",-1.0,-1.0,"[36.479, 37.212, 37.589, 37.579, 37.742]"
4274,76.8.213.231,"[[97, 75, 190], [97, 75, 188], [66, 219, 235]]",-1.0,-1.0,"[36.442, 73.171, 37.64, 37.951, 37.618]"
4275,76.8.213.231,"[[97, 75, 190], [97, 75, 188], [66, 219, 235]]",-1.0,-1.0,"[36.605, 36.949, 37.551, 37.549, 37.601]"
4276,76.8.213.231,"[[97, 75, 190], [97, 75, 188], [66, 219, 235]]",-1.0,-1.0,"[36.572, 37.003, 37.581, 49.137, 37.647]"
4277,76.8.213.231,"[[97, 75, 190], [97, 75, 188], [66, 219, 235]]",-1.0,-1.0,"[36.758, 37.155, 37.752, 37.576, 37.674]"
4278,76.8.213.231,"[[97, 75, 190], [97, 75, 188], [66, 219, 235]]",-1.0,-1.0,"[36.437, 37.811, 37.668, 37.818, 37.714]"
4279,76.8.213.231,"[[97, 75, 190], [97, 75, 188], [66, 219, 235]]",-1.0,-1.0,"[36.734, 36.983, 37.552, 37.599, 37.588]"
4280,76.8.213.231,"[[97, 75, 190], [97, 75, 188], [66, 219, 235]]",-1.0,-1.0,"[36.834, 36.919, 37.664, 37.552, 37.659]"
4281,76.8.213.231,"[[97, 75, 190], [97, 75, 188], [66, 219, 235]]",-1.0,-1.0,"[36.562, 36.941, 37.873, 37.541, 37.571]"
4282,76.8.213.231,"[[97, 75, 190], [97, 75, 188], [66, 219, 235]]",-1.0,-1.0,"[37.52, 37.802, 38.485, 38.769, 38.387]"
4283,76.8.213.231,"[[97, 75, 190], [97, 75, 188], [66, 219, 235]]",-1.0,-1.0,"[36.843, 37.121, 37.566, 37.529, 37.811]"
4284,76.8.213.231,"[[97, 75, 190], [97, 75, 188], [66, 219, 235]]",-1.0,-1.0,"[36.415, 37.092, 37.709, 38.712, 37.632]"
4285,76.8.213.231,"[[97, 75, 190], [97, 75, 188], [66, 219, 235]]",-1.0,-1.0,"[36.354, 45.837, 37.88, 37.949, 37.646]"
